Sample	0	1	2	3	4	5	6	7	8	9	10	11	12	13	14	15
BCR-AL_S8_L001_R1_001	(1.0, 17.227661953102054)	(2.0, 3.2477245180220624)	(3.0, 1.709916546468771)	(4.0, 1.7877427366058227)	(5.0, 2.233171888002108)	(6.0, 2.624770081266135)	(7.0, 3.164164348352015)	(8.0, 3.313855391098306)	(9.0, 3.4604081185781905)	('>10', 56.11533264745459)	('>50', 4.455481364253694)	('>100', 0.4375973868998812)	('>500', 0.10192482763185995)	('>1k', 0.12024819226447821)	('>5k', 0.0)	('>10k+', 0.0)
BCR-AL_S8_L001_R2_001	(1.0, 9.414298898356046)	(2.0, 2.7575215150147496)	(3.0, 1.011017110669645)	(4.0, 0.6298415470270706)	(5.0, 0.41262349981988755)	(6.0, 0.35970863263227376)	(7.0, 0.2900459414019286)	(8.0, 0.2537331471436648)	(9.0, 0.24418954122767156)	('>10', 5.76559379415936)	('>50', 5.066471058626432)	('>100', 21.72523536069116)	('>500', 10.918261090189889)	('>1k', 17.701400707033795)	('>5k', 2.6043434780790835)	('>10k+', 20.845714677927273)
BCR-AL_S8_L002_R1_001	(1.0, 17.344071171265654)	(2.0, 3.2889007249264335)	(3.0, 1.779430778346617)	(4.0, 2.083692503090339)	(5.0, 2.459316425164408)	(6.0, 2.983596508584695)	(7.0, 3.4327653177839577)	(8.0, 3.6275120862978487)	(9.0, 3.6803267427366464)	('>10', 55.05823258307745)	('>50', 3.679336120124468)	('>100', 0.3801369440776208)	('>500', 0.10099087492561833)	('>1k', 0.10169121959807303)	('>5k', 0.0)	('>10k+', 0.0)
BCR-AL_S8_L002_R2_001	(1.0, 10.174378129542006)	(2.0, 2.7299024975755417)	(3.0, 0.9960499172681776)	(4.0, 0.5864079559278299)	(5.0, 0.43609422461180325)	(6.0, 0.357015027865535)	(7.0, 0.3157671879800189)	(8.0, 0.27081877781005687)	(9.0, 0.2504013615346783)	('>10', 6.224791752843654)	('>50', 5.3329559348293705)	('>100', 21.85344070638033)	('>500', 10.781246629562848)	('>1k', 16.992604009127152)	('>5k', 2.5679187056892085)	('>10k+', 20.13020718145183)
BCR-AL_S8_L003_R1_001	(1.0, 15.837980703596372)	(2.0, 3.4309296404281255)	(3.0, 1.9352598838060149)	(4.0, 2.1365324090193787)	(5.0, 2.6763864858673334)	(6.0, 3.1989457531951406)	(7.0, 3.5941578263151843)	(8.0, 3.785821538610843)	(9.0, 3.789784740972182)	('>10', 55.529649000802884)	('>50', 3.4715497518657963)	('>100', 0.394918281302348)	('>500', 0.11204061694761061)	('>1k', 0.10604336727073559)	('>5k', 0.0)	('>10k+', 0.0)
BCR-AL_S8_L003_R2_001	(1.0, 8.730943057919545)	(2.0, 2.8273790539288988)	(3.0, 1.0652727985000876)	(4.0, 0.5928624895010235)	(5.0, 0.4401467841787078)	(6.0, 0.3545503187837922)	(7.0, 0.28933246951716085)	(8.0, 0.27133882184826424)	(9.0, 0.24825406473667047)	('>10', 6.1483858214648075)	('>50', 5.432642961952055)	('>100', 22.53388320423555)	('>500', 10.910794208754735)	('>1k', 16.947982940260363)	('>5k', 2.491796301879563)	('>10k+', 20.71443470253877)
BCR-AL_S8_L004_R1_001	(1.0, 16.46435235803937)	(2.0, 3.4732452908970224)	(3.0, 2.18240423115603)	(4.0, 2.5296956166419475)	(5.0, 3.0813329128349958)	(6.0, 3.5820447616472704)	(7.0, 3.8492841748600015)	(8.0, 4.07615479819216)	(9.0, 4.024223958072543)	('>10', 53.44147507829494)	('>50', 2.7246060725569325)	('>100', 0.361448122778513)	('>500', 0.10736802469375073)	('>1k', 0.10236459933446618)	('>5k', 0.0)	('>10k+', 0.0)
BCR-AL_S8_L004_R2_001	(1.0, 9.915648479783252)	(2.0, 2.6812005969419803)	(3.0, 0.9928685010267179)	(4.0, 0.5915287355422124)	(5.0, 0.4442584002352594)	(6.0, 0.34236134666516815)	(7.0, 0.3163735920258548)	(8.0, 0.2888760276908414)	(9.0, 0.2869437521888757)	('>10', 6.591923416137428)	('>50', 5.72293026921583)	('>100', 22.8648185187081)	('>500', 10.432915775363618)	('>1k', 15.79043377883008)	('>5k', 1.9876876753159956)	('>10k+', 20.749231134328824)
BCR-AT_S7_L001_R1_001	(1.0, 26.18513539864127)	(2.0, 5.309223726342604)	(3.0, 2.027287104664715)	(4.0, 1.3398997617030717)	(5.0, 1.4610223863016474)	(6.0, 1.7939236210793095)	(7.0, 2.0932539160982095)	(8.0, 2.297551758520636)	(9.0, 2.5124748122589735)	('>10', 44.75130296168373)	('>50', 6.3486867691203095)	('>100', 1.7529601650587034)	('>500', 0.6370617446472556)	('>1k', 1.0889999711533234)	('>5k', 0.2519384072226839)	('>10k+', 0.1492774955034791)
BCR-AT_S7_L001_R2_001	(1.0, 12.73634901291126)	(2.0, 3.578586050024223)	(3.0, 1.4678479911716547)	(4.0, 0.8105382982468003)	(5.0, 0.585855014735058)	(6.0, 0.4389408192940966)	(7.0, 0.37862693552684873)	(8.0, 0.3221707316232915)	(9.0, 0.2981017769993711)	('>10', 5.6191978645952165)	('>50', 4.443772946813906)	('>100', 21.21617066286362)	('>500', 11.776077985433906)	('>1k', 18.33336962146704)	('>5k', 3.772244649908819)	('>10k+', 14.222149638384904)
BCR-AT_S7_L002_R1_001	(1.0, 26.706317328098972)	(2.0, 5.268228993110393)	(3.0, 1.9404531957430062)	(4.0, 1.4598470292366186)	(5.0, 1.6913921482441858)	(6.0, 1.9451475797027846)	(7.0, 2.3438865997219693)	(8.0, 2.6284775989422404)	(9.0, 2.8220920138008054)	('>10', 44.153320190457)	('>50', 5.549946794961776)	('>100', 1.578182808108675)	('>500', 0.6051578667179616)	('>1k', 0.9602131157028477)	('>5k', 0.25283944890768434)	('>10k+', 0.09449728854303871)
BCR-AT_S7_L002_R2_001	(1.0, 13.415840505073376)	(2.0, 3.583272247847665)	(3.0, 1.387424136403922)	(4.0, 0.8537069842023306)	(5.0, 0.5833771062887866)	(6.0, 0.4839998913937728)	(7.0, 0.41166002604814034)	(8.0, 0.35363759744999623)	(9.0, 0.3312180702761203)	('>10', 5.956529541795992)	('>50', 4.655456733577276)	('>100', 21.429850604394222)	('>500', 11.571570060986847)	('>1k', 17.621905753512117)	('>5k', 3.649753151297417)	('>10k+', 13.710797589452092)
BCR-AT_S7_L003_R1_001	(1.0, 25.198957442092894)	(2.0, 5.656917636700802)	(3.0, 2.081251271758202)	(4.0, 1.6366191492456577)	(5.0, 1.762859958223751)	(6.0, 2.1014535911448444)	(7.0, 2.5126534105310663)	(8.0, 2.7247659043353596)	(9.0, 2.8793783111923696)	('>10', 44.72369127195918)	('>50', 5.179602844315125)	('>100', 1.572837129624414)	('>500', 0.604713982476552)	('>1k', 1.0261577511545068)	('>5k', 0.2399540992556662)	('>10k+', 0.09818624598955311)
BCR-AT_S7_L003_R2_001	(1.0, 11.941370341440374)	(2.0, 3.7847998069033966)	(3.0, 1.4669430793502223)	(4.0, 0.8361475135252341)	(5.0, 0.595483858981403)	(6.0, 0.47909935816560056)	(7.0, 0.38372861922346674)	(8.0, 0.3456661799210664)	(9.0, 0.28593135317161844)	('>10', 5.876846751958714)	('>50', 4.728913360330038)	('>100', 22.234721910513837)	('>500', 11.746024325250461)	('>1k', 17.49263410541653)	('>5k', 3.7181957183452727)	('>10k+', 14.083493717502805)
BCR-AT_S7_L004_R1_001	(1.0, 25.83864989636293)	(2.0, 5.389461988010696)	(3.0, 2.096046239029173)	(4.0, 1.7221972598368096)	(5.0, 1.9316971373019047)	(6.0, 2.2530204663700895)	(7.0, 2.6928915588755626)	(8.0, 2.8859707043202043)	(9.0, 3.1090185643537533)	('>10', 44.00971696496131)	('>50', 4.607276399207419)	('>100', 1.5032008035323625)	('>500', 0.6245392682531131)	('>1k', 0.9936810405735128)	('>5k', 0.24305164941336413)	('>10k+', 0.09958005959786094)
BCR-AT_S7_L004_R2_001	(1.0, 13.302767994791731)	(2.0, 3.545207688796033)	(3.0, 1.3589035011174104)	(4.0, 0.8377423705456166)	(5.0, 0.588558191506478)	(6.0, 0.47244031248276164)	(7.0, 0.3985507376003889)	(8.0, 0.3326581246017906)	(9.0, 0.3226973542869235)	('>10', 6.1088954274133105)	('>50', 4.964960001800456)	('>100', 22.40728210486562)	('>500', 11.431313525965688)	('>1k', 16.746993686590343)	('>5k', 3.4289876723432116)	('>10k+', 13.752041305292195)
BCR-YL_S6_L001_R1_001	(1.0, 19.21135314359922)	(2.0, 4.381469773466058)	(3.0, 2.765501783949536)	(4.0, 2.7625959385810783)	(5.0, 3.17333022636294)	(6.0, 3.3961372983404887)	(7.0, 3.5237767148336374)	(8.0, 3.403001528537266)	(9.0, 3.3163754707703075)	('>10', 48.89900459810427)	('>50', 4.008647287576068)	('>100', 0.6556171174014209)	('>500', 0.1768604407824736)	('>1k', 0.25577729091565593)	('>5k', 0.0)	('>10k+', 0.07055138677951268)
BCR-YL_S6_L001_R2_001	(1.0, 10.2263208649675)	(2.0, 2.9583198428204867)	(3.0, 1.1551289940931608)	(4.0, 0.6324472223793203)	(5.0, 0.48292265322178046)	(6.0, 0.3724799858858288)	(7.0, 0.3243007296956707)	(8.0, 0.29392700894391)	(9.0, 0.2812284598488954)	('>10', 6.83033840073423)	('>50', 6.058797475513185)	('>100', 22.96437873980893)	('>500', 8.904372711626522)	('>1k', 12.519717646347944)	('>5k', 2.478405958675264)	('>10k+', 23.51691330543738)
BCR-YL_S6_L002_R1_001	(1.0, 19.407783922362952)	(2.0, 4.311842276137924)	(3.0, 2.899774317486239)	(4.0, 3.0469949836551202)	(5.0, 3.347334087949947)	(6.0, 3.789801296744513)	(7.0, 3.6883930305497095)	(8.0, 3.673793820788513)	(9.0, 3.3505373050127685)	('>10', 48.086417314799924)	('>50', 3.3694913744240176)	('>100', 0.5790438265294324)	('>500', 0.15813324244972407)	('>1k', 0.22458276753943096)	('>5k', 0.0)	('>10k+', 0.06607643356974965)
BCR-YL_S6_L002_R2_001	(1.0, 11.106465467254715)	(2.0, 2.8962348854668694)	(3.0, 1.1281656300497072)	(4.0, 0.6620896212819942)	(5.0, 0.48547244579139287)	(6.0, 0.4019301879520509)	(7.0, 0.3665214190589606)	(8.0, 0.319758965759638)	(9.0, 0.30423036978528833)	('>10', 7.293515863907872)	('>50', 6.413454852585862)	('>100', 22.828394635670605)	('>500', 8.466097696985493)	('>1k', 12.234674175832087)	('>5k', 2.2052777712320193)	('>10k+', 22.88771601138538)
BCR-YL_S6_L003_R1_001	(1.0, 18.144866029627313)	(2.0, 4.627833535379735)	(3.0, 3.147173249569694)	(4.0, 3.2258023209651467)	(5.0, 3.6317007575618865)	(6.0, 3.7974584205777866)	(7.0, 3.7049175276961175)	(8.0, 3.781668071210436)	(9.0, 3.3654570265777317)	('>10', 48.379482406883795)	('>50', 3.1861761750295403)	('>100', 0.5397147639404368)	('>500', 0.16725991100200224)	('>1k', 0.22813119516070823)	('>5k', 0.0)	('>10k+', 0.07235860881759829)
BCR-YL_S6_L003_R2_001	(1.0, 9.517173596857546)	(2.0, 3.0125318900417812)	(3.0, 1.2327730971084119)	(4.0, 0.6794991418155909)	(5.0, 0.5033945061872064)	(6.0, 0.3838733433671949)	(7.0, 0.34510197926365027)	(8.0, 0.29781844726326245)	(9.0, 0.28010862008507154)	('>10', 7.2790447803570055)	('>50', 6.48653440052416)	('>100', 23.360038342670048)	('>500', 8.548819247974468)	('>1k', 12.330807790907182)	('>5k', 2.059283437965735)	('>10k+', 23.6831973776117)
BCR-YL_S6_L004_R1_001	(1.0, 18.861350116322374)	(2.0, 4.663844115051196)	(3.0, 3.495960408954346)	(4.0, 3.60507581570373)	(5.0, 3.9718403668364743)	(6.0, 4.135784094416243)	(7.0, 4.081802521932366)	(8.0, 3.8705228906384046)	(9.0, 3.5782494338382866)	('>10', 46.332482443329425)	('>50', 2.4652210431697954)	('>100', 0.48874472313744277)	('>500', 0.16206377571814257)	('>1k', 0.21446809868436398)	('>5k', 0.0725901522673225)	('>10k+', 0.0)
BCR-YL_S6_L004_R2_001	(1.0, 10.950732837622615)	(2.0, 2.7670815008763583)	(3.0, 1.0887430920327246)	(4.0, 0.701535983687225)	(5.0, 0.47679379342981415)	(6.0, 0.4210154648172076)	(7.0, 0.3752344414785955)	(8.0, 0.33808314584999444)	(9.0, 0.3162197409754221)	('>10', 7.99000517301055)	('>50', 6.9170405766842)	('>100', 23.17732611124535)	('>500', 7.984934285973916)	('>1k', 11.263433734002422)	('>5k', 1.8118193231029447)	('>10k+', 23.420000795210676)
BCR-YT_S5_L001_R1_001	(1.0, 23.495332169750924)	(2.0, 6.140452804087843)	(3.0, 2.4236575283099024)	(4.0, 1.2057720948945396)	(5.0, 0.8536699221820673)	(6.0, 0.6884905053165685)	(7.0, 0.6868207691538831)	(8.0, 0.7382657293725652)	(9.0, 0.8601270522097233)	('>10', 46.910877646443474)	('>50', 10.807402832401847)	('>100', 2.516209067481638)	('>500', 0.6964215159716177)	('>1k', 1.1590575444226374)	('>5k', 0.3047731223138853)	('>10k+', 0.5126696956869298)
BCR-YT_S5_L001_R2_001	(1.0, 13.426492421838333)	(2.0, 3.882218751761357)	(3.0, 1.439894560667326)	(4.0, 0.8216515392236634)	(5.0, 0.5783738904270993)	(6.0, 0.4508783649876007)	(7.0, 0.3797311719645577)	(8.0, 0.36068294933850115)	(9.0, 0.31048014437595345)	('>10', 6.200793021232885)	('>50', 5.3677250140991495)	('>100', 23.395901514307756)	('>500', 12.584945817621254)	('>1k', 16.39059868433055)	('>5k', 0.7614332528971234)	('>10k+', 13.648198900926925)
BCR-YT_S5_L002_R1_001	(1.0, 23.952901761708876)	(2.0, 6.07265280910142)	(3.0, 2.332779528633816)	(4.0, 1.2366027156161072)	(5.0, 0.8265418777592191)	(6.0, 0.686322702674647)	(7.0, 0.786561544289587)	(8.0, 0.817033277821462)	(9.0, 0.9351721527921926)	('>10', 48.12000904858126)	('>50', 9.652373679169585)	('>100', 2.1729284282121393)	('>500', 0.6120840336063541)	('>1k', 1.09334712857042)	('>5k', 0.22708688743724106)	('>10k+', 0.4756024240256877)
BCR-YT_S5_L002_R2_001	(1.0, 14.137589316355765)	(2.0, 3.77847199873374)	(3.0, 1.4188518913449093)	(4.0, 0.8382452128750599)	(5.0, 0.596815129432437)	(6.0, 0.4641905640307158)	(7.0, 0.40425873819371966)	(8.0, 0.34479991982943536)	(9.0, 0.31428806706225226)	('>10', 6.622767808660476)	('>50', 5.658278794539923)	('>100', 23.589053780203376)	('>500', 12.213781266877731)	('>1k', 15.685147815658118)	('>5k', 0.5925237695018113)	('>10k+', 13.34093592670054)
BCR-YT_S5_L003_R1_001	(1.0, 22.990957355325186)	(2.0, 6.290422966727345)	(3.0, 2.453343441057757)	(4.0, 1.2618792881280774)	(5.0, 0.8167094206106084)	(6.0, 0.7087152683585981)	(7.0, 0.7705478638178981)	(8.0, 0.7841542866576774)	(9.0, 0.9712775557982062)	('>10', 48.40622130219932)	('>50', 9.844992200623404)	('>100', 2.204332869557914)	('>500', 0.6479964268541021)	('>1k', 1.1121658124823888)	('>5k', 0.23864169112784386)	('>10k+', 0.497642250673589)
BCR-YT_S5_L003_R2_001	(1.0, 12.567316937970299)	(2.0, 3.9496777929884894)	(3.0, 1.544384633386956)	(4.0, 0.8363462579996662)	(5.0, 0.5730222707447798)	(6.0, 0.4671855310876608)	(7.0, 0.37595464063725764)	(8.0, 0.32083897989542415)	(9.0, 0.29976367591495184)	('>10', 6.496063651266865)	('>50', 5.686401442388187)	('>100', 24.243466926436362)	('>500', 12.577285569147184)	('>1k', 15.670407475663225)	('>5k', 0.6621962657710057)	('>10k+', 13.729687948701724)
BCR-YT_S5_L004_R1_001	(1.0, 23.471425828228327)	(2.0, 6.132745106918841)	(3.0, 2.275609065337712)	(4.0, 1.205646376956958)	(5.0, 0.8782757921291425)	(6.0, 0.7743718004197441)	(7.0, 0.8309321217521846)	(8.0, 0.9056077326766067)	(9.0, 0.9526297519288008)	('>10', 48.69176510761748)	('>50', 9.251598473006467)	('>100', 2.181758683331918)	('>500', 0.6127161616305542)	('>1k', 1.0962433029086573)	('>5k', 0.23921691753803617)	('>10k+', 0.4994577776186302)
BCR-YT_S5_L004_R2_001	(1.0, 13.758657681881278)	(2.0, 3.7037753994914357)	(3.0, 1.4368980900422608)	(4.0, 0.8253803602904227)	(5.0, 0.5809404089640018)	(6.0, 0.47101761517258434)	(7.0, 0.38487164137482627)	(8.0, 0.3431784417429434)	(9.0, 0.2881814760389346)	('>10', 6.763297534106736)	('>50', 5.932986094393291)	('>100', 24.290287472696228)	('>500', 12.107080859960165)	('>1k', 14.970145088261008)	('>5k', 0.575576296045353)	('>10k+', 13.567725539538426)
CSP-AL_S8_L007_R1_001	(1.0, 22.499660980070566)	(2.0, 10.84948340641054)	(3.0, 10.742227358805625)	(4.0, 9.923245624030463)	(5.0, 9.062798433726153)	(6.0, 7.863216345423971)	(7.0, 6.606911188249866)	(8.0, 5.360788499335608)	(9.0, 4.220832090355599)	('>10', 12.430010439928676)	('>50', 0.04900037262663889)	('>100', 0.09938778630836885)	('>500', 0.05495342316541626)	('>1k', 0.15105859719975628)	('>5k', 0.07997157067262614)	('>10k+', 0.006453883689996126)
CSP-AL_S8_L007_R2_001	(1.0, 14.421718311875434)	(2.0, 11.14726884281546)	(3.0, 11.317889038055268)	(4.0, 10.691863175507011)	(5.0, 9.808924332687843)	(6.0, 8.423049180608839)	(7.0, 7.288014469008417)	(8.0, 5.986967210291906)	(9.0, 4.892699629708735)	('>10', 14.285380828216136)	('>50', 0.0030080545648204504)	('>100', 0.012727537016638877)	('>500', 0.004920500498019707)	('>1k', 0.008246078183350741)	('>5k', 0.0)	('>10k+', 1.7073228109621326)
CSP-AT_S7_L007_R1_001	(1.0, 25.274159665575507)	(2.0, 12.729104246400953)	(3.0, 12.135660262990204)	(4.0, 10.8796230114154)	(5.0, 9.299127839375483)	(6.0, 7.533814369679338)	(7.0, 5.993413406516584)	(8.0, 4.640120739236045)	(9.0, 3.4921057807568205)	('>10', 7.699050159625578)	('>50', 0.031606592623979995)	('>100', 0.08297131824018847)	('>500', 0.04047220967426586)	('>1k', 0.13140532454609824)	('>5k', 0.029740078464092955)	('>10k+', 0.0076249948794515415)
CSP-AT_S7_L007_R2_001	(1.0, 17.13900544506506)	(2.0, 13.373248122428299)	(3.0, 12.883976290264206)	(4.0, 11.74967955587604)	(5.0, 10.067113666119617)	(6.0, 8.357981502186357)	(7.0, 6.550450051987103)	(8.0, 5.2456503899331555)	(9.0, 3.899722048897654)	('>10', 9.013755609183747)	('>50', 0.0010039250249416682)	('>100', 0.012452237984522335)	('>500', 0.0023668635340797915)	('>1k', 0.008070555213061053)	('>5k', 0.0)	('>10k+', 1.6955237363021778)
CSP-YL_S6_L007_R1_001	(1.0, 20.45235147852161)	(2.0, 8.629472847628932)	(3.0, 8.860255531734111)	(4.0, 8.606765353567834)	(5.0, 8.170664793346761)	(6.0, 7.262562985959516)	(7.0, 6.533486772261552)	(8.0, 5.7919953532879855)	(9.0, 5.112945190977957)	('>10', 19.99188584955583)	('>50', 0.049881398313238894)	('>100', 0.11884689486444501)	('>500', 0.054305550371476885)	('>1k', 0.13302655109337086)	('>5k', 0.14722950587611527)	('>10k+', 0.08432394263931392)
CSP-YL_S6_L007_R2_001	(1.0, 11.922026011629207)	(2.0, 8.704961155070166)	(3.0, 9.386406709392196)	(4.0, 9.225904643994914)	(5.0, 8.631757599870458)	(6.0, 7.932495927550128)	(7.0, 7.126064490231888)	(8.0, 6.405337998810183)	(9.0, 5.635175019800522)	('>10', 22.914273019685016)	('>50', 0.0029898168253677674)	('>100', 0.010528626774203662)	('>500', 0.003565152955619303)	('>1k', 0.015612338262824873)	('>5k', 0.0)	('>10k+', 2.08290148914729)
CSP-YT_S5_L007_R1_001	(1.0, 19.58568485827706)	(2.0, 7.120943418510225)	(3.0, 7.798111386339224)	(4.0, 7.5544822091660775)	(5.0, 7.534096915752878)	(6.0, 6.85421540935276)	(7.0, 6.312600642128919)	(8.0, 5.83950673263481)	(9.0, 5.079461094234115)	('>10', 25.742503254399452)	('>50', 0.07140871848604663)	('>100', 0.1398153711204632)	('>500', 0.05659367746781686)	('>1k', 0.1925518681898556)	('>5k', 0.11802444394051353)	('>10k+', 0.0)
CSP-YT_S5_L007_R2_001	(1.0, 10.98557573808783)	(2.0, 7.097730157316989)	(3.0, 8.033131946983502)	(4.0, 7.93915995892258)	(5.0, 8.085607738541418)	(6.0, 7.386252074196426)	(7.0, 6.834129389742441)	(8.0, 6.183764321546695)	(9.0, 5.629863721483067)	('>10', 29.64533700081029)	('>50', 0.003990923613974169)	('>100', 0.007264246319485547)	('>500', 0.005006036289367801)	('>1k', 0.004815659455759137)	('>5k', 0.0)	('>10k+', 2.1583710866901784)
GE-AL_S4_L005_R1_001	(1.0, 23.02700670567178)	(2.0, 17.658899139734118)	(3.0, 16.929760729904576)	(4.0, 13.197415793285018)	(5.0, 9.67164222047964)	(6.0, 6.389203002002852)	(7.0, 4.03071907587443)	(8.0, 2.345446330674723)	(9.0, 1.3951010511647475)	('>10', 2.426495514351877)	('>50', 0.2646482644497194)	('>100', 0.6522472770390035)	('>500', 0.3193080485490181)	('>1k', 0.7440363903973868)	('>5k', 0.2943841893104039)	('>10k+', 0.6536862671105604)
GE-AL_S4_L005_R2_001	(1.0, 11.231125424311314)	(2.0, 4.149311840221528)	(3.0, 2.5592797769234026)	(4.0, 1.7516223768918378)	(5.0, 1.3440955435120667)	(6.0, 1.0921710373803266)	(7.0, 0.9528984174468784)	(8.0, 0.7846657792726223)	(9.0, 0.6987237610572922)	('>10', 10.403855933598246)	('>50', 4.882642479743433)	('>100', 11.702277602505628)	('>500', 4.705548921584347)	('>1k', 14.131642463610355)	('>5k', 9.684124664626893)	('>10k+', 19.92601397731428)
GE-AL_S4_L007_R1_001	(1.0, 74.57029069190911)	(2.0, 17.29287276156156)	(3.0, 4.214619577551222)	(4.0, 0.9034052027624815)	(5.0, 0.25886408008301914)	(6.0, 0.10660654214308866)	(7.0, 0.06281193808148987)	(8.0, 0.05287848565423819)	(9.0, 0.052915199082806334)	('>10', 0.6367584421991798)	('>50', 0.2942964146064972)	('>100', 0.6333840813755267)	('>500', 0.2606674830935994)	('>1k', 0.4927113005862915)	('>5k', 0.15171585416315048)	('>10k+', 0.01520194514700078)
GE-AL_S4_L007_R2_001	(1.0, 22.83434154355844)	(2.0, 5.518302165250854)	(3.0, 2.7990014413493665)	(4.0, 2.0914352587070137)	(5.0, 1.59252383202858)	(6.0, 1.265396153572313)	(7.0, 1.0585142017633553)	(8.0, 0.9676136241541375)	(9.0, 0.8612225519694846)	('>10', 12.547890811286042)	('>50', 4.702530869680007)	('>100', 12.790674021679482)	('>500', 8.573563656062746)	('>1k', 18.958609739952237)	('>5k', 1.7804662897812937)	('>10k+', 1.6579138392047859)
GE-AT_S3_L005_R1_001	(1.0, 27.010440080161423)	(2.0, 19.83303524371283)	(3.0, 16.648132493130184)	(4.0, 12.056455011233137)	(5.0, 7.9010980446205785)	(6.0, 4.7086180144754115)	(7.0, 2.6766769771357795)	(8.0, 1.4371688939555083)	(9.0, 0.7908486688177164)	('>10', 1.7804806339991583)	('>50', 0.3110225467457612)	('>100', 0.9215883736241761)	('>500', 0.4475847019836863)	('>1k', 1.2131628467816855)	('>5k', 0.5740660610972946)	('>10k+', 1.6896214085255614)
GE-AT_S3_L005_R2_001	(1.0, 12.32616355864074)	(2.0, 4.197207424288715)	(3.0, 2.4879616222743235)	(4.0, 1.789043402364047)	(5.0, 1.4060892006691952)	(6.0, 1.1266594522576434)	(7.0, 0.9309771242082293)	(8.0, 0.8358295922478476)	(9.0, 0.7437110658633032)	('>10', 10.694365703047055)	('>50', 4.495375253310597)	('>100', 10.901781189036326)	('>500', 4.775823181606859)	('>1k', 14.570580976797459)	('>5k', 8.72125953287479)	('>10k+', 19.997171720512476)
GE-AT_S3_L007_R1_001	(1.0, 83.94381515067934)	(2.0, 9.742685645630717)	(3.0, 1.426766555606232)	(4.0, 0.3042717797402025)	(5.0, 0.1315493530552452)	(6.0, 0.09902913368330533)	(7.0, 0.09022565906133002)	(8.0, 0.06551761565967773)	(9.0, 0.0566518724515286)	('>10', 0.9678709691728999)	('>50', 0.4346008161479185)	('>100', 1.077857312903096)	('>500', 0.4509234943513851)	('>1k', 0.9892160277251743)	('>5k', 0.16891549014873836)	('>10k+', 0.05010312398337092)
GE-AT_S3_L007_R2_001	(1.0, 27.327381381442333)	(2.0, 6.029305377353321)	(3.0, 3.156178664377834)	(4.0, 2.0918600138929637)	(5.0, 1.6541569583363447)	(6.0, 1.2244346657644953)	(7.0, 1.0788939390105663)	(8.0, 0.9555560752547512)	(9.0, 0.8467004273952944)	('>10', 11.965426823039506)	('>50', 5.069799265786515)	('>100', 16.837053447586896)	('>500', 8.143630163676987)	('>1k', 10.289372946674732)	('>5k', 1.2433309974097326)	('>10k+', 2.086918852997653)
GE-YL_S2_L007_R1_001	(1.0, 80.26385621211418)	(2.0, 13.513543475840192)	(3.0, 2.433372010656514)	(4.0, 0.48721482998260457)	(5.0, 0.1652396716158909)	(6.0, 0.08271151295652344)	(7.0, 0.05786251746287349)	(8.0, 0.05193426083810845)	(9.0, 0.051991824260409186)	('>10', 0.7619867081687387)	('>50', 0.37196399844182615)	('>100', 0.8435775042736616)	('>500', 0.29218773053026365)	('>1k', 0.5530353718340717)	('>5k', 0.06952237102403634)	('>10k+', 0.0)
GE-YL_S2_L007_R2_001	(1.0, 24.03214119065638)	(2.0, 5.45121894871467)	(3.0, 2.873919674328563)	(4.0, 2.087342835443044)	(5.0, 1.6183619585170679)	(6.0, 1.3713033057510464)	(7.0, 1.088349637846132)	(8.0, 0.9708557833068111)	(9.0, 0.8815187268929751)	('>10', 12.563846572836097)	('>50', 4.4529722311716045)	('>100', 14.89341106357931)	('>500', 10.266678233156023)	('>1k', 15.276699253237751)	('>5k', 0.6918857868864506)	('>10k+', 1.4794947976762711)
GE-YT_S1_L007_R1_001	(1.0, 80.98286455930756)	(2.0, 11.779631530985279)	(3.0, 1.878275709620764)	(4.0, 0.3720597212970552)	(5.0, 0.15714587319585505)	(6.0, 0.1217433385603918)	(7.0, 0.07632463746874638)	(8.0, 0.06452395808580148)	(9.0, 0.06461811856027637)	('>10', 1.0971949531817782)	('>50', 0.5004685639927157)	('>100', 1.2318493924519653)	('>500', 0.5393354576487261)	('>1k', 0.9296345468048087)	('>5k', 0.16835428968515953)	('>10k+', 0.035975349152725676)
GE-YT_S1_L007_R2_001	(1.0, 28.986421489469034)	(2.0, 6.557785491376862)	(3.0, 3.2084741537628054)	(4.0, 2.0859902086995015)	(5.0, 1.5785609022888656)	(6.0, 1.2271995952140424)	(7.0, 1.062001867562158)	(8.0, 0.9285088319031733)	(9.0, 0.7975909930481248)	('>10', 10.782429850883814)	('>50', 4.707574646653968)	('>100', 16.81171861240133)	('>500', 8.09388930520388)	('>1k', 9.868861457967522)	('>5k', 1.151034400625221)	('>10k+', 2.1519581929397917)
TCR-AL_S4_L001_R1_001	(1.0, 12.242842097026745)	(2.0, 1.7850102298222754)	(3.0, 0.4992270348626015)	(4.0, 0.2767022048781305)	(5.0, 0.2428385685206977)	(6.0, 0.21470255941256666)	(7.0, 0.21458222195834736)	(8.0, 0.20845288582272592)	(9.0, 0.2367087106966488)	('>10', 28.91177084281341)	('>50', 43.801164031912634)	('>100', 10.949047145863942)	('>500', 0.05797116178956776)	('>1k', 0.0741707662177991)	('>5k', 0.05091772550763407)	('>10k+', 0.23389181289421665)
TCR-AL_S4_L001_R2_001	(1.0, 8.219113549521207)	(2.0, 2.579096290589542)	(3.0, 1.1328110778580904)	(4.0, 0.7001668221232807)	(5.0, 0.5110862205055039)	(6.0, 0.39773754694429525)	(7.0, 0.3142733186610965)	(8.0, 0.3145253107757132)	(9.0, 0.25183909072452)	('>10', 4.894473831837166)	('>50', 3.9686772899602283)	('>100', 18.274382228691525)	('>500', 12.439240887509362)	('>1k', 26.104781847653307)	('>5k', 3.071010790036638)	('>10k+', 16.82678389660851)
TCR-AL_S4_L002_R1_001	(1.0, 12.282491053411967)	(2.0, 1.669711638093213)	(3.0, 0.49514356262905423)	(4.0, 0.3061493526079493)	(5.0, 0.24541999103787848)	(6.0, 0.21957148409617083)	(7.0, 0.19267738528809109)	(8.0, 0.2254174971453107)	(9.0, 0.23836994861666386)	('>10', 33.67376489647897)	('>50', 41.61069342934135)	('>100', 8.45387060614315)	('>500', 0.05312827720131596)	('>1k', 0.06370551807207203)	('>5k', 0.047860782389005416)	('>10k+', 0.22202457744781456)
TCR-AL_S4_L002_R2_001	(1.0, 8.915332987374443)	(2.0, 2.450417556566791)	(3.0, 1.1490099282970732)	(4.0, 0.715303737568781)	(5.0, 0.5464340537192467)	(6.0, 0.4291484342635839)	(7.0, 0.35486098970902086)	(8.0, 0.3105959768909626)	(9.0, 0.27876467545302597)	('>10', 5.329758981437193)	('>50', 4.185622482702532)	('>100', 18.3360218409475)	('>500', 12.515288067876082)	('>1k', 25.32601447016351)	('>5k', 2.7384818738312453)	('>10k+', 16.41894394319899)
TCR-AL_S4_L003_R1_001	(1.0, 10.796001797633016)	(2.0, 1.6178587478367927)	(3.0, 0.5229985502401626)	(4.0, 0.29802206014738736)	(5.0, 0.21669101749299957)	(6.0, 0.25075007061862287)	(7.0, 0.24653424422777298)	(8.0, 0.2482971098237218)	(9.0, 0.2681768552157153)	('>10', 35.47168904668968)	('>50', 41.73581941148844)	('>100', 7.925182448465211)	('>500', 0.06168764589864846)	('>1k', 0.05989476430240042)	('>5k', 0.04931458834486734)	('>10k+', 0.23108164157451833)
TCR-AL_S4_L003_R2_001	(1.0, 7.59634070688882)	(2.0, 2.5212511323118294)	(3.0, 1.173282980848582)	(4.0, 0.6916489955184278)	(5.0, 0.500277288363579)	(6.0, 0.3958386618189577)	(7.0, 0.3446200902525092)	(8.0, 0.3050841691078543)	(9.0, 0.26183668288055406)	('>10', 5.180701194179613)	('>50', 4.264139122851505)	('>100', 19.046560851598304)	('>500', 12.82368747146369)	('>1k', 25.492874230354644)	('>5k', 2.5535668538393517)	('>10k+', 16.848289567721757)
TCR-AL_S4_L004_R1_001	(1.0, 11.40112561032039)	(2.0, 1.5961987533985915)	(3.0, 0.4650766436479478)	(4.0, 0.2909716221561267)	(5.0, 0.25645054129216627)	(6.0, 0.24893258943890595)	(7.0, 0.2533323129723589)	(8.0, 0.2586205844003751)	(9.0, 0.2656701552339365)	('>10', 38.72722664778475)	('>50', 39.19353768815495)	('>100', 6.636136316496438)	('>500', 0.06291837242897076)	('>1k', 0.05978339060580459)	('>5k', 0.04907326817131041)	('>10k+', 0.2349455034970227)
TCR-AL_S4_L004_R2_001	(1.0, 8.691341130939483)	(2.0, 2.4962426506281084)	(3.0, 1.1027072392431916)	(4.0, 0.7230597135201593)	(5.0, 0.5223552821992019)	(6.0, 0.4095918530710461)	(7.0, 0.3625097461501229)	(8.0, 0.3064153291208932)	(9.0, 0.272951075469578)	('>10', 5.403606169287459)	('>50', 4.454965316622575)	('>100', 19.29363896770961)	('>500', 12.888595583236611)	('>1k', 24.216545621303524)	('>5k', 2.1712119096801836)	('>10k+', 16.684262411818242)
TCR-AT_S3_L001_R1_001	(1.0, 16.940692116916516)	(2.0, 3.2528774257162327)	(3.0, 0.9223812966218797)	(4.0, 0.3532804045572528)	(5.0, 0.25790295157677273)	(6.0, 0.19941035029243803)	(7.0, 0.19652691912987633)	(8.0, 0.16693286400220878)	(9.0, 0.15467548356302538)	('>10', 9.539963901129214)	('>50', 34.322284655872195)	('>100', 32.49250846437752)	('>500', 0.3641883789721109)	('>1k', 0.5462234039322698)	('>5k', 0.13404504260431604)	('>10k+', 0.15610634073626756)
TCR-AT_S3_L001_R2_001	(1.0, 8.877050268488954)	(2.0, 2.7337775965838405)	(3.0, 1.1506683729210254)	(4.0, 0.6887239891728766)	(5.0, 0.4933296726160716)	(6.0, 0.3735704365406233)	(7.0, 0.3223357371818022)	(8.0, 0.29005595197419365)	(9.0, 0.25193921186026835)	('>10', 5.599679790380691)	('>50', 4.823287801419736)	('>100', 22.91611695476425)	('>500', 12.840127769257975)	('>1k', 17.2116391616462)	('>5k', 2.052662956233219)	('>10k+', 19.375034328958268)
TCR-AT_S3_L002_R1_001	(1.0, 17.374232670210585)	(2.0, 3.1264336862697957)	(3.0, 0.7557911479617323)	(4.0, 0.35370895251993384)	(5.0, 0.2680270746746031)	(6.0, 0.21540121338745177)	(7.0, 0.1669245826298076)	(8.0, 0.16613215435700812)	(9.0, 0.17234651859265243)	('>10', 11.161064947153587)	('>50', 37.54118385753992)	('>100', 27.637939232059416)	('>500', 0.3234089806484693)	('>1k', 0.4965736218764159)	('>5k', 0.09430956062241962)	('>10k+', 0.1465217994961187)
TCR-AT_S3_L002_R2_001	(1.0, 9.944325004141886)	(2.0, 2.6757511954422997)	(3.0, 1.0896025131701919)	(4.0, 0.6693208299842826)	(5.0, 0.4992857986869414)	(6.0, 0.41846621246871923)	(7.0, 0.34691351043795987)	(8.0, 0.3078286923929282)	(9.0, 0.2693194826114485)	('>10', 6.068148024818935)	('>50', 5.132121795836468)	('>100', 22.812016733139355)	('>500', 12.699706536338699)	('>1k', 16.236878818845877)	('>5k', 1.9429097930012684)	('>10k+', 18.887405058682685)
TCR-AT_S3_L003_R1_001	(1.0, 16.013273331415746)	(2.0, 3.27990178153433)	(3.0, 0.9199707420755059)	(4.0, 0.3749190137079543)	(5.0, 0.2634617371811065)	(6.0, 0.2217842795023675)	(7.0, 0.19105274081989712)	(8.0, 0.16686392618760718)	(9.0, 0.19449748071743259)	('>10', 11.805390822410525)	('>50', 39.02405592206517)	('>100', 26.440669975576796)	('>500', 0.33388272830790994)	('>1k', 0.554865122600386)	('>5k', 0.06072834266541734)	('>10k+', 0.15468205323178252)
TCR-AT_S3_L003_R2_001	(1.0, 8.382125340493522)	(2.0, 2.7830226516968866)	(3.0, 1.1765778875669584)	(4.0, 0.6530903408570996)	(5.0, 0.4668186190245367)	(6.0, 0.3764627220204162)	(7.0, 0.3061393633091407)	(8.0, 0.281718938749603)	(9.0, 0.2594233067668786)	('>10', 5.9767573623193515)	('>50', 5.270570167340567)	('>100', 23.70349338205942)	('>500', 12.989808377510451)	('>1k', 15.993335827787641)	('>5k', 1.9653076248714336)	('>10k+', 19.415348087626047)
TCR-AT_S3_L004_R1_001	(1.0, 16.515850051427197)	(2.0, 2.9119770095990276)	(3.0, 0.7771218058122465)	(4.0, 0.3585668861256101)	(5.0, 0.3011899486705398)	(6.0, 0.21447527314416537)	(7.0, 0.20349423012387874)	(8.0, 0.1763531943479338)	(9.0, 0.19112626462025695)	('>10', 14.358757535452218)	('>50', 41.5300678615595)	('>100', 21.411982662424116)	('>500', 0.32977822068505325)	('>1k', 0.5021301578573669)	('>5k', 0.2171288981510354)	('>10k+', 0.0)
TCR-AT_S3_L004_R2_001	(1.0, 9.577067096866228)	(2.0, 2.6028352669357115)	(3.0, 1.107000705267979)	(4.0, 0.655573936285558)	(5.0, 0.49718446376035197)	(6.0, 0.392664124852755)	(7.0, 0.33380960501571855)	(8.0, 0.32085515082766614)	(9.0, 0.28220368315427713)	('>10', 6.461902506881377)	('>50', 5.538424461148567)	('>100', 24.121385700774116)	('>500', 12.464214148171624)	('>1k', 14.163273554959652)	('>5k', 1.9240734013831349)	('>10k+', 19.55753219371526)
TCR-YL_S2_L001_R1_001	(1.0, 10.40380944847341)	(2.0, 1.7464581475988057)	(3.0, 0.51418300415945)	(4.0, 0.24365136265674936)	(5.0, 0.17115200523680335)	(6.0, 0.16408668095424114)	(7.0, 0.1619944899785937)	(8.0, 0.14398506414420234)	(9.0, 0.14015062168653503)	('>10', 12.026751501445684)	('>50', 40.35953369532964)	('>100', 33.47281937502819)	('>500', 0.05169667892155474)	('>1k', 0.12823705862460755)	('>5k', 0.0)	('>10k+', 0.2714908657615899)
TCR-YL_S2_L001_R2_001	(1.0, 6.6010999623097355)	(2.0, 2.216940210979689)	(3.0, 1.0273515017784562)	(4.0, 0.6442861173221238)	(5.0, 0.47041714854618755)	(6.0, 0.380145534247688)	(7.0, 0.31269368560115224)	(8.0, 0.25825167970801144)	(9.0, 0.2430461360405967)	('>10', 4.068255481149241)	('>50', 2.9846164031342037)	('>100', 15.044090527336937)	('>500', 10.88480369671562)	('>1k', 29.737438068410547)	('>5k', 6.202752642181674)	('>10k+', 18.92381120453819)
TCR-YL_S2_L002_R1_001	(1.0, 10.344603066794633)	(2.0, 1.7374999053837967)	(3.0, 0.47035524873273693)	(4.0, 0.24624241915930453)	(5.0, 0.18808777339886884)	(6.0, 0.16330908832886895)	(7.0, 0.15612609584783613)	(8.0, 0.14890547123399167)	(9.0, 0.15691447261661015)	('>10', 14.11738595998595)	('>50', 43.026186398499036)	('>100', 28.82957186413277)	('>500', 0.06812868986764557)	('>1k', 0.08842423437584306)	('>5k', 0.0)	('>10k+', 0.2582593116420842)
TCR-YL_S2_L002_R2_001	(1.0, 7.182362183054253)	(2.0, 2.1945263366839725)	(3.0, 1.025883265383466)	(4.0, 0.7023602327175588)	(5.0, 0.5216393593375226)	(6.0, 0.3996241403355763)	(7.0, 0.33613903395581773)	(8.0, 0.28713979182729643)	(9.0, 0.24488892653737634)	('>10', 4.4486494642362695)	('>50', 3.1901176052658418)	('>100', 15.189328006732133)	('>500', 11.018945019264505)	('>1k', 29.404316731601703)	('>5k', 5.621394027164146)	('>10k+', 18.232685875902582)
TCR-YL_S2_L003_R1_001	(1.0, 9.60172239543311)	(2.0, 1.716635732206635)	(3.0, 0.4520519077710436)	(4.0, 0.24656024835845117)	(5.0, 0.19395117606031637)	(6.0, 0.18863130240772208)	(7.0, 0.17323811062113914)	(8.0, 0.182095635600854)	(9.0, 0.1388319418918541)	('>10', 14.828664430562796)	('>50', 44.29931070333978)	('>100', 27.55446929825231)	('>500', 0.07495281399344698)	('>1k', 0.08241865225059818)	('>5k', 0.0)	('>10k+', 0.2664656512500474)
TCR-YL_S2_L003_R2_001	(1.0, 6.070954407909427)	(2.0, 2.2272377490320188)	(3.0, 1.0864083386903816)	(4.0, 0.6879414358864662)	(5.0, 0.500223731442307)	(6.0, 0.3917348966962033)	(7.0, 0.31746713677229466)	(8.0, 0.26783361917445087)	(9.0, 0.2410229109543857)	('>10', 4.225203981253984)	('>50', 3.163253691182459)	('>100', 15.678757051685164)	('>500', 11.291951746179892)	('>1k', 29.954893426223393)	('>5k', 5.201331298698701)	('>10k+', 18.693784578218512)
TCR-YL_S2_L004_R1_001	(1.0, 9.757072899436666)	(2.0, 1.6065459186841209)	(3.0, 0.4516389244533287)	(4.0, 0.25623337169433413)	(5.0, 0.1815432353411562)	(6.0, 0.18373375684134577)	(7.0, 0.17843085125986935)	(8.0, 0.1480088553707396)	(9.0, 0.1559855629131487)	('>10', 16.5497154490708)	('>50', 45.56045640377679)	('>100', 24.553581436012884)	('>500', 0.06894190730800527)	('>1k', 0.07972079317160302)	('>5k', 0.04642471265930223)	('>10k+', 0.221965922005878)
TCR-YL_S2_L004_R2_001	(1.0, 7.071361150397603)	(2.0, 2.182593997120951)	(3.0, 1.0534827991126081)	(4.0, 0.676752370608227)	(5.0, 0.4967924043264899)	(6.0, 0.382551642813018)	(7.0, 0.330426542270926)	(8.0, 0.2858557323940413)	(9.0, 0.24833484827447705)	('>10', 4.469419582831563)	('>50', 3.403352840604115)	('>100', 16.042851900170987)	('>500', 11.511136430001274)	('>1k', 29.124663308195082)	('>5k', 4.4338768268079845)	('>10k+', 18.286547624070643)
TCR-YT_S1_L001_R1_001	(1.0, 14.402022899370111)	(2.0, 3.6692253910695665)	(3.0, 1.1869375039580816)	(4.0, 0.4826817854347888)	(5.0, 0.25934495779405403)	(6.0, 0.1862296332492111)	(7.0, 0.14796937365553872)	(8.0, 0.12851788144638143)	(9.0, 0.10936262115578364)	('>10', 2.876610773098912)	('>50', 4.027675355316795)	('>100', 68.93884411672457)	('>500', 2.660032866633568)	('>1k', 0.5775490334295876)	('>5k', 0.2573133577274395)	('>10k+', 0.08968244993561203)
TCR-YT_S1_L001_R2_001	(1.0, 8.376586436615927)	(2.0, 2.7199824504705714)	(3.0, 1.164559273279941)	(4.0, 0.6914257737217435)	(5.0, 0.4872258846719494)	(6.0, 0.39121420281564984)	(7.0, 0.34852702111638156)	(8.0, 0.2920552557633685)	(9.0, 0.2528317807222099)	('>10', 5.120263752032351)	('>50', 4.156722743571856)	('>100', 19.779868825266394)	('>500', 12.857248390532764)	('>1k', 20.66780788203018)	('>5k', 1.8638653208467846)	('>10k+', 20.829815006541942)
TCR-YT_S1_L002_R1_001	(1.0, 15.377686609880339)	(2.0, 3.565126966804323)	(3.0, 1.1679723055114835)	(4.0, 0.43505600727979143)	(5.0, 0.24613789109463471)	(6.0, 0.17642449361506243)	(7.0, 0.16505400876854448)	(8.0, 0.13516547598453604)	(9.0, 0.12178874716269833)	('>10', 3.0565926624801723)	('>50', 4.599684927303007)	('>100', 68.10038980385482)	('>500', 2.0052674136463375)	('>1k', 0.5424412151398359)	('>5k', 0.21965455412113213)	('>10k+', 0.08555691735321891)
TCR-YT_S1_L002_R2_001	(1.0, 9.415653151245774)	(2.0, 2.6542618071313377)	(3.0, 1.1450447731560518)	(4.0, 0.7067829389210393)	(5.0, 0.539785022819802)	(6.0, 0.42356954134676034)	(7.0, 0.3621607441501357)	(8.0, 0.29257536026919323)	(9.0, 0.30222151599854247)	('>10', 5.544799500826457)	('>50', 4.385530691980149)	('>100', 19.623218734728574)	('>500', 12.678460586918725)	('>1k', 19.741386104672767)	('>5k', 1.8620195238024995)	('>10k+', 20.322530002032206)
TCR-YT_S1_L003_R1_001	(1.0, 13.601646621717014)	(2.0, 3.6880315410224114)	(3.0, 1.1719992977392841)	(4.0, 0.4496059661394044)	(5.0, 0.25086632463833475)	(6.0, 0.17808642859573506)	(7.0, 0.15273896025613998)	(8.0, 0.13116048982168602)	(9.0, 0.12734696034566684)	('>10', 3.1224425332348296)	('>50', 4.923608599463406)	('>100', 69.4391696549928)	('>500', 1.8941917532462982)	('>1k', 0.5553964768294369)	('>5k', 0.22562748160438198)	('>10k+', 0.08808091035314008)
TCR-YT_S1_L003_R2_001	(1.0, 7.8410032257838385)	(2.0, 2.7265718828075647)	(3.0, 1.2001844289645927)	(4.0, 0.7073725507568526)	(5.0, 0.5031331939221242)	(6.0, 0.4024551506047068)	(7.0, 0.3238965997745612)	(8.0, 0.2947084237395748)	(9.0, 0.2518057094412954)	('>10', 5.476641975686692)	('>50', 4.397070759348562)	('>100', 20.467657658188426)	('>500', 13.158991750993371)	('>1k', 19.4527430513969)	('>5k', 1.9082776244668476)	('>10k+', 20.887486014124107)
TCR-YT_S1_L004_R1_001	(1.0, 14.774121854643802)	(2.0, 3.342902125434578)	(3.0, 1.0309013706961574)	(4.0, 0.4216311267979872)	(5.0, 0.22670748848223166)	(6.0, 0.1804930539706552)	(7.0, 0.14140805614254723)	(8.0, 0.13972541698640475)	(9.0, 0.12128426207117438)	('>10', 3.1464001109924213)	('>50', 5.189878364516671)	('>100', 68.80767159445553)	('>500', 1.6638377044443904)	('>1k', 0.5403337240746964)	('>5k', 0.1840970043041134)	('>10k+', 0.08860674198662678)
TCR-YT_S1_L004_R2_001	(1.0, 8.992077556970782)	(2.0, 2.6255500581349396)	(3.0, 1.12590012294366)	(4.0, 0.7009691315221575)	(5.0, 0.5380424270422699)	(6.0, 0.42036324151011034)	(7.0, 0.36812618015522997)	(8.0, 0.3090868042438643)	(9.0, 0.26425388846965003)	('>10', 5.705778087660348)	('>50', 4.55054355218885)	('>100', 20.49704526716948)	('>500', 12.766382843322166)	('>1k', 18.50646290266461)	('>5k', 1.784160568376533)	('>10k+', 20.845257367625308)
