Sample	0	1	2	3	4	5	6	7	8	9	10	11	12	13	14	15	16	17	18	19	20	21	22	23	24	25	26	27
BCR-AL_S8_L001_R1_001	(16.0, 2.0)	(17.0, 51.0)	(18.0, 516.0)	(19.0, 2032.0)	(20.0, 5721.0)	(21.0, 9668.0)	(22.0, 11227.0)	(23.0, 12048.0)	(24.0, 13938.0)	(25.0, 16499.0)	(26.0, 18743.0)	(27.0, 22053.0)	(28.0, 28145.0)	(29.0, 36015.0)	(30.0, 49139.0)	(31.0, 70354.0)	(32.0, 134301.0)	(33.0, 255191.0)	(34.0, 284289.0)	(35.0, 347728.0)	(36.0, 540376.0)	(37.0, 945081.0)	(38.0, 2146526.0)	(39.0, 12067787.0)	(40.0, 3677579.0)			
BCR-AL_S8_L001_R2_001	(14.0, 2.0)	(15.0, 62.0)	(16.0, 1303.0)	(17.0, 6917.0)	(18.0, 12736.0)	(19.0, 12640.0)	(20.0, 13916.0)	(21.0, 14272.0)	(22.0, 14044.0)	(23.0, 14318.0)	(24.0, 17811.0)	(25.0, 21053.0)	(26.0, 21415.0)	(27.0, 22159.0)	(28.0, 25912.0)	(29.0, 32037.0)	(30.0, 41252.0)	(31.0, 53414.0)	(32.0, 75457.0)	(33.0, 108485.0)	(34.0, 161720.0)	(35.0, 250361.0)	(36.0, 468818.0)	(37.0, 929522.0)	(38.0, 2338758.0)	(39.0, 12517757.0)	(40.0, 3518868.0)	
BCR-AL_S8_L002_R1_001	(16.0, 2.0)	(17.0, 42.0)	(18.0, 448.0)	(19.0, 2118.0)	(20.0, 5822.0)	(21.0, 10418.0)	(22.0, 11953.0)	(23.0, 13123.0)	(24.0, 15594.0)	(25.0, 17622.0)	(26.0, 20906.0)	(27.0, 24344.0)	(28.0, 31456.0)	(29.0, 40415.0)	(30.0, 55431.0)	(31.0, 78029.0)	(32.0, 142622.0)	(33.0, 261378.0)	(34.0, 300197.0)	(35.0, 375284.0)	(36.0, 591974.0)	(37.0, 1034106.0)	(38.0, 2386056.0)	(39.0, 11910920.0)	(40.0, 2971579.0)			
BCR-AL_S8_L002_R2_001	(13.0, 1.0)	(14.0, 2.0)	(15.0, 70.0)	(16.0, 1323.0)	(17.0, 7043.0)	(18.0, 12966.0)	(19.0, 13309.0)	(20.0, 14949.0)	(21.0, 16277.0)	(22.0, 15931.0)	(23.0, 16147.0)	(24.0, 19777.0)	(25.0, 22512.0)	(26.0, 24516.0)	(27.0, 25666.0)	(28.0, 30788.0)	(29.0, 38023.0)	(30.0, 49480.0)	(31.0, 63861.0)	(32.0, 90003.0)	(33.0, 128271.0)	(34.0, 189180.0)	(35.0, 289367.0)	(36.0, 536043.0)	(37.0, 1047051.0)	(38.0, 2614877.0)	(39.0, 12100592.0)	(40.0, 2933814.0)
BCR-AL_S8_L003_R1_001	(17.0, 47.0)	(18.0, 464.0)	(19.0, 1871.0)	(20.0, 5811.0)	(21.0, 10048.0)	(22.0, 11738.0)	(23.0, 13013.0)	(24.0, 15005.0)	(25.0, 17554.0)	(26.0, 20519.0)	(27.0, 24155.0)	(28.0, 30950.0)	(29.0, 40102.0)	(30.0, 54981.0)	(31.0, 78884.0)	(32.0, 143983.0)	(33.0, 259178.0)	(34.0, 296115.0)	(35.0, 375995.0)	(36.0, 599269.0)	(37.0, 1045079.0)	(38.0, 2433356.0)	(39.0, 11476439.0)	(40.0, 2790472.0)				
BCR-AL_S8_L003_R2_001	(14.0, 1.0)	(15.0, 75.0)	(16.0, 1338.0)	(17.0, 7125.0)	(18.0, 12858.0)	(19.0, 13298.0)	(20.0, 15535.0)	(21.0, 17196.0)	(22.0, 16756.0)	(23.0, 17404.0)	(24.0, 21087.0)	(25.0, 23831.0)	(26.0, 25249.0)	(27.0, 26742.0)	(28.0, 32957.0)	(29.0, 40279.0)	(30.0, 52488.0)	(31.0, 68186.0)	(32.0, 95615.0)	(33.0, 135445.0)	(34.0, 200337.0)	(35.0, 310049.0)	(36.0, 570447.0)	(37.0, 1108642.0)	(38.0, 2770801.0)	(39.0, 11470262.0)	(40.0, 2691025.0)	
BCR-AL_S8_L004_R1_001	(17.0, 18.0)	(18.0, 345.0)	(19.0, 1557.0)	(20.0, 4963.0)	(21.0, 9478.0)	(22.0, 11807.0)	(23.0, 13170.0)	(24.0, 15328.0)	(25.0, 18076.0)	(26.0, 21763.0)	(27.0, 25772.0)	(28.0, 33286.0)	(29.0, 43048.0)	(30.0, 58094.0)	(31.0, 80202.0)	(32.0, 135075.0)	(33.0, 238977.0)	(34.0, 294680.0)	(35.0, 366675.0)	(36.0, 577853.0)	(37.0, 992209.0)	(38.0, 2193101.0)	(39.0, 10239769.0)	(40.0, 2352370.0)				
BCR-AL_S8_L004_R2_001	(13.0, 1.0)	(14.0, 2.0)	(15.0, 46.0)	(16.0, 1170.0)	(17.0, 6416.0)	(18.0, 11706.0)	(19.0, 12732.0)	(20.0, 15775.0)	(21.0, 17969.0)	(22.0, 17903.0)	(23.0, 18185.0)	(24.0, 21681.0)	(25.0, 24963.0)	(26.0, 27110.0)	(27.0, 28684.0)	(28.0, 34711.0)	(29.0, 42784.0)	(30.0, 54869.0)	(31.0, 69528.0)	(32.0, 95846.0)	(33.0, 134195.0)	(34.0, 195435.0)	(35.0, 297829.0)	(36.0, 537813.0)	(37.0, 1028350.0)	(38.0, 2458360.0)	(39.0, 10395731.0)	(40.0, 2177822.0)
BCR-AT_S7_L001_R1_001	(16.0, 2.0)	(17.0, 77.0)	(18.0, 624.0)	(19.0, 2597.0)	(20.0, 7218.0)	(21.0, 11720.0)	(22.0, 13563.0)	(23.0, 14378.0)	(24.0, 17075.0)	(25.0, 19320.0)	(26.0, 22698.0)	(27.0, 26011.0)	(28.0, 32728.0)	(29.0, 41420.0)	(30.0, 55400.0)	(31.0, 77648.0)	(32.0, 146971.0)	(33.0, 255813.0)	(34.0, 289010.0)	(35.0, 366258.0)	(36.0, 588954.0)	(37.0, 1024207.0)	(38.0, 2321359.0)	(39.0, 12563243.0)	(40.0, 3887006.0)			
BCR-AT_S7_L001_R2_001	(14.0, 5.0)	(15.0, 101.0)	(16.0, 1770.0)	(17.0, 9029.0)	(18.0, 18209.0)	(19.0, 21951.0)	(20.0, 25769.0)	(21.0, 27481.0)	(22.0, 26518.0)	(23.0, 27317.0)	(24.0, 33822.0)	(25.0, 39909.0)	(26.0, 40076.0)	(27.0, 37715.0)	(28.0, 41246.0)	(29.0, 48033.0)	(30.0, 58139.0)	(31.0, 71349.0)	(32.0, 95548.0)	(33.0, 130189.0)	(34.0, 186912.0)	(35.0, 285291.0)	(36.0, 524315.0)	(37.0, 1024944.0)	(38.0, 2565073.0)	(39.0, 12845416.0)	(40.0, 3599173.0)	
BCR-AT_S7_L002_R1_001	(15.0, 1.0)	(16.0, 2.0)	(17.0, 56.0)	(18.0, 557.0)	(19.0, 2527.0)	(20.0, 7260.0)	(21.0, 12511.0)	(22.0, 14914.0)	(23.0, 15748.0)	(24.0, 18461.0)	(25.0, 21171.0)	(26.0, 24782.0)	(27.0, 29036.0)	(28.0, 36833.0)	(29.0, 46833.0)	(30.0, 62164.0)	(31.0, 86015.0)	(32.0, 156822.0)	(33.0, 264635.0)	(34.0, 308654.0)	(35.0, 399432.0)	(36.0, 644168.0)	(37.0, 1124904.0)	(38.0, 2574018.0)	(39.0, 12437946.0)	(40.0, 3150521.0)		
BCR-AT_S7_L002_R2_001	(13.0, 3.0)	(14.0, 8.0)	(15.0, 104.0)	(16.0, 1902.0)	(17.0, 9756.0)	(18.0, 19057.0)	(19.0, 23810.0)	(20.0, 28776.0)	(21.0, 30815.0)	(22.0, 29935.0)	(23.0, 30143.0)	(24.0, 36294.0)	(25.0, 42306.0)	(26.0, 43043.0)	(27.0, 41666.0)	(28.0, 47089.0)	(29.0, 55319.0)	(30.0, 67856.0)	(31.0, 83308.0)	(32.0, 112546.0)	(33.0, 152160.0)	(34.0, 218771.0)	(35.0, 330375.0)	(36.0, 599301.0)	(37.0, 1155258.0)	(38.0, 2858607.0)	(39.0, 12424795.0)	(40.0, 2996968.0)
BCR-AT_S7_L003_R1_001	(17.0, 66.0)	(18.0, 585.0)	(19.0, 2511.0)	(20.0, 7157.0)	(21.0, 12297.0)	(22.0, 14595.0)	(23.0, 15878.0)	(24.0, 18487.0)	(25.0, 21325.0)	(26.0, 24712.0)	(27.0, 29260.0)	(28.0, 36554.0)	(29.0, 46621.0)	(30.0, 62636.0)	(31.0, 87605.0)	(32.0, 158535.0)	(33.0, 261679.0)	(34.0, 304652.0)	(35.0, 400545.0)	(36.0, 651065.0)	(37.0, 1133834.0)	(38.0, 2608243.0)	(39.0, 11940140.0)	(40.0, 2965804.0)				
BCR-AT_S7_L003_R2_001	(14.0, 6.0)	(15.0, 114.0)	(16.0, 1820.0)	(17.0, 9581.0)	(18.0, 18845.0)	(19.0, 23856.0)	(20.0, 29812.0)	(21.0, 32356.0)	(22.0, 30942.0)	(23.0, 31867.0)	(24.0, 38128.0)	(25.0, 43554.0)	(26.0, 44462.0)	(27.0, 43851.0)	(28.0, 49447.0)	(29.0, 57852.0)	(30.0, 71323.0)	(31.0, 88354.0)	(32.0, 117810.0)	(33.0, 160462.0)	(34.0, 232112.0)	(35.0, 350485.0)	(36.0, 631770.0)	(37.0, 1211289.0)	(38.0, 2992609.0)	(39.0, 11742844.0)	(40.0, 2749235.0)	
BCR-AT_S7_L004_R1_001	(16.0, 1.0)	(17.0, 44.0)	(18.0, 520.0)	(19.0, 2140.0)	(20.0, 6585.0)	(21.0, 12138.0)	(22.0, 15109.0)	(23.0, 16495.0)	(24.0, 19388.0)	(25.0, 22790.0)	(26.0, 27190.0)	(27.0, 31641.0)	(28.0, 40048.0)	(29.0, 51110.0)	(30.0, 68021.0)	(31.0, 91125.0)	(32.0, 152897.0)	(33.0, 253685.0)	(34.0, 310920.0)	(35.0, 398197.0)	(36.0, 637215.0)	(37.0, 1083192.0)	(38.0, 2386132.0)	(39.0, 10934670.0)	(40.0, 2575953.0)			
BCR-AT_S7_L004_R2_001	(13.0, 1.0)	(14.0, 11.0)	(15.0, 103.0)	(16.0, 1758.0)	(17.0, 9287.0)	(18.0, 18807.0)	(19.0, 23844.0)	(20.0, 30875.0)	(21.0, 34576.0)	(22.0, 32700.0)	(23.0, 33471.0)	(24.0, 39185.0)	(25.0, 44930.0)	(26.0, 46327.0)	(27.0, 46425.0)	(28.0, 52475.0)	(29.0, 61879.0)	(30.0, 75419.0)	(31.0, 91897.0)	(32.0, 121225.0)	(33.0, 163391.0)	(34.0, 230779.0)	(35.0, 342909.0)	(36.0, 605244.0)	(37.0, 1137742.0)	(38.0, 2703699.0)	(39.0, 10908583.0)	(40.0, 2279664.0)
BCR-YL_S6_L001_R1_001	(16.0, 3.0)	(17.0, 47.0)	(18.0, 492.0)	(19.0, 1949.0)	(20.0, 5237.0)	(21.0, 8638.0)	(22.0, 9612.0)	(23.0, 10542.0)	(24.0, 11780.0)	(25.0, 13571.0)	(26.0, 15761.0)	(27.0, 18330.0)	(28.0, 22701.0)	(29.0, 28920.0)	(30.0, 38331.0)	(31.0, 52052.0)	(32.0, 92921.0)	(33.0, 182220.0)	(34.0, 221949.0)	(35.0, 267856.0)	(36.0, 415180.0)	(37.0, 727666.0)	(38.0, 1661149.0)	(39.0, 9636158.0)	(40.0, 2971816.0)			
BCR-YL_S6_L001_R2_001	(14.0, 1.0)	(15.0, 42.0)	(16.0, 948.0)	(17.0, 5498.0)	(18.0, 10129.0)	(19.0, 10752.0)	(20.0, 12238.0)	(21.0, 12679.0)	(22.0, 12304.0)	(23.0, 13060.0)	(24.0, 16837.0)	(25.0, 20066.0)	(26.0, 20673.0)	(27.0, 20469.0)	(28.0, 24203.0)	(29.0, 30019.0)	(30.0, 40980.0)	(31.0, 56453.0)	(32.0, 83578.0)	(33.0, 124514.0)	(34.0, 178290.0)	(35.0, 237899.0)	(36.0, 373897.0)	(37.0, 657588.0)	(38.0, 1648732.0)	(39.0, 9755699.0)	(40.0, 3047333.0)	
BCR-YL_S6_L002_R1_001	(17.0, 53.0)	(18.0, 445.0)	(19.0, 2016.0)	(20.0, 5484.0)	(21.0, 9219.0)	(22.0, 10599.0)	(23.0, 11073.0)	(24.0, 13204.0)	(25.0, 14610.0)	(26.0, 17153.0)	(27.0, 19957.0)	(28.0, 25369.0)	(29.0, 32247.0)	(30.0, 41999.0)	(31.0, 58263.0)	(32.0, 99578.0)	(33.0, 186399.0)	(34.0, 234626.0)	(35.0, 289605.0)	(36.0, 455964.0)	(37.0, 800162.0)	(38.0, 1855272.0)	(39.0, 9565488.0)	(40.0, 2413543.0)				
BCR-YL_S6_L002_R2_001	(15.0, 43.0)	(16.0, 1056.0)	(17.0, 5591.0)	(18.0, 10659.0)	(19.0, 11429.0)	(20.0, 13161.0)	(21.0, 14307.0)	(22.0, 13998.0)	(23.0, 14655.0)	(24.0, 18409.0)	(25.0, 21412.0)	(26.0, 22480.0)	(27.0, 23251.0)	(28.0, 28070.0)	(29.0, 34978.0)	(30.0, 47136.0)	(31.0, 64415.0)	(32.0, 95180.0)	(33.0, 137203.0)	(34.0, 194202.0)	(35.0, 262907.0)	(36.0, 418017.0)	(37.0, 749601.0)	(38.0, 1880571.0)	(39.0, 9525539.0)	(40.0, 2554058.0)		
BCR-YL_S6_L003_R1_001	(16.0, 5.0)	(17.0, 43.0)	(18.0, 487.0)	(19.0, 1900.0)	(20.0, 5117.0)	(21.0, 8921.0)	(22.0, 10299.0)	(23.0, 11067.0)	(24.0, 12544.0)	(25.0, 14530.0)	(26.0, 16988.0)	(27.0, 19771.0)	(28.0, 24796.0)	(29.0, 31655.0)	(30.0, 42294.0)	(31.0, 57795.0)	(32.0, 99955.0)	(33.0, 184430.0)	(34.0, 229546.0)	(35.0, 287844.0)	(36.0, 460457.0)	(37.0, 804651.0)	(38.0, 1877525.0)	(39.0, 9173770.0)	(40.0, 2267405.0)			
BCR-YL_S6_L003_R2_001	(14.0, 3.0)	(15.0, 41.0)	(16.0, 1038.0)	(17.0, 5585.0)	(18.0, 10615.0)	(19.0, 11543.0)	(20.0, 13708.0)	(21.0, 15015.0)	(22.0, 14710.0)	(23.0, 15403.0)	(24.0, 19189.0)	(25.0, 22192.0)	(26.0, 22854.0)	(27.0, 24189.0)	(28.0, 28775.0)	(29.0, 36616.0)	(30.0, 49183.0)	(31.0, 66724.0)	(32.0, 96615.0)	(33.0, 140191.0)	(34.0, 198659.0)	(35.0, 274589.0)	(36.0, 440913.0)	(37.0, 790970.0)	(38.0, 1991959.0)	(39.0, 9011085.0)	(40.0, 2341431.0)	
BCR-YL_S6_L004_R1_001	(16.0, 2.0)	(17.0, 41.0)	(18.0, 349.0)	(19.0, 1496.0)	(20.0, 4556.0)	(21.0, 8363.0)	(22.0, 9908.0)	(23.0, 10644.0)	(24.0, 12646.0)	(25.0, 14618.0)	(26.0, 17467.0)	(27.0, 20654.0)	(28.0, 26509.0)	(29.0, 33702.0)	(30.0, 44284.0)	(31.0, 59667.0)	(32.0, 95599.0)	(33.0, 167662.0)	(34.0, 226386.0)	(35.0, 281029.0)	(36.0, 438584.0)	(37.0, 756206.0)	(38.0, 1673141.0)	(39.0, 8101808.0)	(40.0, 1889645.0)			
BCR-YL_S6_L004_R2_001	(15.0, 56.0)	(16.0, 891.0)	(17.0, 5014.0)	(18.0, 9575.0)	(19.0, 10854.0)	(20.0, 13737.0)	(21.0, 15640.0)	(22.0, 15691.0)	(23.0, 16014.0)	(24.0, 19684.0)	(25.0, 23173.0)	(26.0, 23946.0)	(27.0, 24935.0)	(28.0, 30326.0)	(29.0, 37366.0)	(30.0, 48588.0)	(31.0, 63570.0)	(32.0, 90705.0)	(33.0, 130417.0)	(34.0, 187213.0)	(35.0, 261267.0)	(36.0, 421337.0)	(37.0, 733959.0)	(38.0, 1740041.0)	(39.0, 8078967.0)	(40.0, 1892000.0)		
BCR-YT_S5_L001_R1_001	(17.0, 43.0)	(18.0, 553.0)	(19.0, 2107.0)	(20.0, 5838.0)	(21.0, 9674.0)	(22.0, 10955.0)	(23.0, 11560.0)	(24.0, 13738.0)	(25.0, 15779.0)	(26.0, 18473.0)	(27.0, 20635.0)	(28.0, 25852.0)	(29.0, 32395.0)	(30.0, 42583.0)	(31.0, 55997.0)	(32.0, 86958.0)	(33.0, 153320.0)	(34.0, 253259.0)	(35.0, 343576.0)	(36.0, 498555.0)	(37.0, 834448.0)	(38.0, 1927504.0)	(39.0, 11534406.0)	(40.0, 3653483.0)				
BCR-YT_S5_L001_R2_001	(13.0, 2.0)	(14.0, 6.0)	(15.0, 65.0)	(16.0, 1285.0)	(17.0, 6979.0)	(18.0, 13919.0)	(19.0, 16038.0)	(20.0, 18928.0)	(21.0, 19942.0)	(22.0, 19198.0)	(23.0, 19671.0)	(24.0, 24368.0)	(25.0, 28360.0)	(26.0, 28965.0)	(27.0, 28412.0)	(28.0, 32106.0)	(29.0, 38126.0)	(30.0, 46796.0)	(31.0, 59383.0)	(32.0, 80479.0)	(33.0, 112994.0)	(34.0, 165355.0)	(35.0, 249103.0)	(36.0, 450084.0)	(37.0, 851617.0)	(38.0, 2086490.0)	(39.0, 11515307.0)	(40.0, 3637713.0)
BCR-YT_S5_L002_R1_001	(17.0, 58.0)	(18.0, 526.0)	(19.0, 2010.0)	(20.0, 5964.0)	(21.0, 9995.0)	(22.0, 11530.0)	(23.0, 12570.0)	(24.0, 14596.0)	(25.0, 16759.0)	(26.0, 19741.0)	(27.0, 22709.0)	(28.0, 28202.0)	(29.0, 35611.0)	(30.0, 46172.0)	(31.0, 61182.0)	(32.0, 92551.0)	(33.0, 154515.0)	(34.0, 255078.0)	(35.0, 363447.0)	(36.0, 546360.0)	(37.0, 921127.0)	(38.0, 2179292.0)	(39.0, 11502433.0)	(40.0, 2966843.0)				
BCR-YT_S5_L002_R2_001	(14.0, 6.0)	(15.0, 90.0)	(16.0, 1397.0)	(17.0, 7572.0)	(18.0, 14388.0)	(19.0, 17202.0)	(20.0, 20244.0)	(21.0, 21984.0)	(22.0, 21292.0)	(23.0, 21573.0)	(24.0, 26018.0)	(25.0, 29946.0)	(26.0, 31171.0)	(27.0, 31545.0)	(28.0, 35832.0)	(29.0, 42661.0)	(30.0, 53292.0)	(31.0, 67165.0)	(32.0, 92177.0)	(33.0, 128257.0)	(34.0, 187423.0)	(35.0, 279634.0)	(36.0, 502608.0)	(37.0, 949681.0)	(38.0, 2355822.0)	(39.0, 11293450.0)	(40.0, 3036841.0)	
BCR-YT_S5_L003_R1_001	(16.0, 1.0)	(17.0, 49.0)	(18.0, 487.0)	(19.0, 2017.0)	(20.0, 5700.0)	(21.0, 9662.0)	(22.0, 11147.0)	(23.0, 12106.0)	(24.0, 14234.0)	(25.0, 16162.0)	(26.0, 19339.0)	(27.0, 22178.0)	(28.0, 28189.0)	(29.0, 35757.0)	(30.0, 45865.0)	(31.0, 61520.0)	(32.0, 94678.0)	(33.0, 157356.0)	(34.0, 259739.0)	(35.0, 370964.0)	(36.0, 562719.0)	(37.0, 964478.0)	(38.0, 2308197.0)	(39.0, 11293456.0)	(40.0, 2816314.0)			
BCR-YT_S5_L003_R2_001	(14.0, 8.0)	(15.0, 72.0)	(16.0, 1390.0)	(17.0, 7474.0)	(18.0, 14397.0)	(19.0, 17453.0)	(20.0, 21226.0)	(21.0, 22698.0)	(22.0, 22085.0)	(23.0, 22245.0)	(24.0, 26753.0)	(25.0, 30944.0)	(26.0, 31740.0)	(27.0, 32322.0)	(28.0, 37198.0)	(29.0, 44618.0)	(30.0, 55382.0)	(31.0, 71152.0)	(32.0, 97748.0)	(33.0, 136143.0)	(34.0, 199176.0)	(35.0, 301453.0)	(36.0, 540056.0)	(37.0, 1029362.0)	(38.0, 2581564.0)	(39.0, 10956157.0)	(40.0, 2811498.0)	
BCR-YT_S5_L004_R1_001	(16.0, 2.0)	(17.0, 40.0)	(18.0, 398.0)	(19.0, 1616.0)	(20.0, 4908.0)	(21.0, 8705.0)	(22.0, 10706.0)	(23.0, 11999.0)	(24.0, 13922.0)	(25.0, 16737.0)	(26.0, 20162.0)	(27.0, 22987.0)	(28.0, 29372.0)	(29.0, 37339.0)	(30.0, 49039.0)	(31.0, 64593.0)	(32.0, 95243.0)	(33.0, 149268.0)	(34.0, 239383.0)	(35.0, 359701.0)	(36.0, 568171.0)	(37.0, 964722.0)	(38.0, 2182951.0)	(39.0, 10512065.0)	(40.0, 2475132.0)			
BCR-YT_S5_L004_R2_001	(14.0, 1.0)	(15.0, 65.0)	(16.0, 1322.0)	(17.0, 7150.0)	(18.0, 13958.0)	(19.0, 17226.0)	(20.0, 21705.0)	(21.0, 24239.0)	(22.0, 23104.0)	(23.0, 23303.0)	(24.0, 27888.0)	(25.0, 32062.0)	(26.0, 33005.0)	(27.0, 33704.0)	(28.0, 38871.0)	(29.0, 46624.0)	(30.0, 58450.0)	(31.0, 72397.0)	(32.0, 98624.0)	(33.0, 136722.0)	(34.0, 196271.0)	(35.0, 295978.0)	(36.0, 531728.0)	(37.0, 1005187.0)	(38.0, 2406563.0)	(39.0, 10322931.0)	(40.0, 2370083.0)	
CSP-AL_S8_L007_R1_001	(16.0, 109.0)	(17.0, 4522.0)	(18.0, 51542.0)	(19.0, 190432.0)	(20.0, 329828.0)	(21.0, 392701.0)	(22.0, 446602.0)	(23.0, 483309.0)	(24.0, 544992.0)	(25.0, 602545.0)	(26.0, 672842.0)	(27.0, 751394.0)	(28.0, 898797.0)	(29.0, 1097540.0)	(30.0, 1410270.0)	(31.0, 1800304.0)	(32.0, 2254518.0)	(33.0, 2851936.0)	(34.0, 4022228.0)	(35.0, 5486875.0)	(36.0, 9688657.0)	(37.0, 20942810.0)	(38.0, 61598202.0)	(39.0, 38065253.0)	(40.0, 1789740.0)			
CSP-AL_S8_L007_R2_001	(13.0, 3.0)	(14.0, 44.0)	(15.0, 1525.0)	(16.0, 26446.0)	(17.0, 136702.0)	(18.0, 267380.0)	(19.0, 271682.0)	(20.0, 232306.0)	(21.0, 193817.0)	(22.0, 192249.0)	(23.0, 204721.0)	(24.0, 239169.0)	(25.0, 283664.0)	(26.0, 349041.0)	(27.0, 433415.0)	(28.0, 587132.0)	(29.0, 779471.0)	(30.0, 1042846.0)	(31.0, 1507985.0)	(32.0, 2337874.0)	(33.0, 3249099.0)	(34.0, 4295681.0)	(35.0, 5788200.0)	(36.0, 8875719.0)	(37.0, 15115907.0)	(38.0, 33586973.0)	(39.0, 71480688.0)	(40.0, 4898209.0)
CSP-AT_S7_L007_R1_001	(16.0, 99.0)	(17.0, 4573.0)	(18.0, 52097.0)	(19.0, 196318.0)	(20.0, 341918.0)	(21.0, 400173.0)	(22.0, 453154.0)	(23.0, 492159.0)	(24.0, 557030.0)	(25.0, 614815.0)	(26.0, 690963.0)	(27.0, 772087.0)	(28.0, 916833.0)	(29.0, 1091116.0)	(30.0, 1358770.0)	(31.0, 1708565.0)	(32.0, 2303695.0)	(33.0, 3040322.0)	(34.0, 4220098.0)	(35.0, 5820293.0)	(36.0, 10123253.0)	(37.0, 22813137.0)	(38.0, 71019640.0)	(39.0, 40767474.0)	(40.0, 3543657.0)			
CSP-AT_S7_L007_R2_001	(13.0, 2.0)	(14.0, 39.0)	(15.0, 1789.0)	(16.0, 29502.0)	(17.0, 149944.0)	(18.0, 291558.0)	(19.0, 295668.0)	(20.0, 256615.0)	(21.0, 216804.0)	(22.0, 214844.0)	(23.0, 230862.0)	(24.0, 271391.0)	(25.0, 324026.0)	(26.0, 398485.0)	(27.0, 494653.0)	(28.0, 664026.0)	(29.0, 887872.0)	(30.0, 1178458.0)	(31.0, 1653526.0)	(32.0, 2530967.0)	(33.0, 3411026.0)	(34.0, 4495461.0)	(35.0, 6166086.0)	(36.0, 9520999.0)	(37.0, 16160526.0)	(38.0, 35766335.0)	(39.0, 82132345.0)	(40.0, 5558430.0)
CSP-YL_S6_L007_R1_001	(16.0, 112.0)	(17.0, 4252.0)	(18.0, 48354.0)	(19.0, 185618.0)	(20.0, 332984.0)	(21.0, 389688.0)	(22.0, 438541.0)	(23.0, 475252.0)	(24.0, 539316.0)	(25.0, 596911.0)	(26.0, 670960.0)	(27.0, 746764.0)	(28.0, 878747.0)	(29.0, 1034750.0)	(30.0, 1262935.0)	(31.0, 1555868.0)	(32.0, 2122589.0)	(33.0, 2992185.0)	(34.0, 4357667.0)	(35.0, 6072949.0)	(36.0, 10176953.0)	(37.0, 24285555.0)	(38.0, 70088772.0)	(39.0, 37867801.0)	(40.0, 727606.0)			
CSP-YL_S6_L007_R2_001	(13.0, 2.0)	(14.0, 50.0)	(15.0, 1579.0)	(16.0, 25387.0)	(17.0, 134407.0)	(18.0, 261974.0)	(19.0, 258511.0)	(20.0, 216559.0)	(21.0, 182299.0)	(22.0, 182898.0)	(23.0, 195019.0)	(24.0, 227488.0)	(25.0, 269230.0)	(26.0, 332479.0)	(27.0, 410350.0)	(28.0, 560243.0)	(29.0, 744787.0)	(30.0, 1015277.0)	(31.0, 1528534.0)	(32.0, 2403410.0)	(33.0, 3271201.0)	(34.0, 4369828.0)	(35.0, 6049124.0)	(36.0, 9328214.0)	(37.0, 15788271.0)	(38.0, 35681132.0)	(39.0, 78603949.0)	(40.0, 5810927.0)
CSP-YT_S5_L007_R1_001	(16.0, 141.0)	(17.0, 4618.0)	(18.0, 48152.0)	(19.0, 171344.0)	(20.0, 293003.0)	(21.0, 346493.0)	(22.0, 390524.0)	(23.0, 418310.0)	(24.0, 472643.0)	(25.0, 527674.0)	(26.0, 605418.0)	(27.0, 695379.0)	(28.0, 874790.0)	(29.0, 1143176.0)	(30.0, 1526216.0)	(31.0, 1863769.0)	(32.0, 2207870.0)	(33.0, 2872045.0)	(34.0, 4143945.0)	(35.0, 5860214.0)	(36.0, 10948839.0)	(37.0, 22724751.0)	(38.0, 59443348.0)	(39.0, 31087676.0)	(40.0, 741814.0)			
CSP-YT_S5_L007_R2_001	(13.0, 5.0)	(14.0, 46.0)	(15.0, 1451.0)	(16.0, 24266.0)	(17.0, 127396.0)	(18.0, 261384.0)	(19.0, 271384.0)	(20.0, 237133.0)	(21.0, 197306.0)	(22.0, 192496.0)	(23.0, 201841.0)	(24.0, 232717.0)	(25.0, 272466.0)	(26.0, 333418.0)	(27.0, 404901.0)	(28.0, 537730.0)	(29.0, 709974.0)	(30.0, 964280.0)	(31.0, 1401288.0)	(32.0, 2256955.0)	(33.0, 3161538.0)	(34.0, 4140956.0)	(35.0, 5696656.0)	(36.0, 8977701.0)	(37.0, 15298217.0)	(38.0, 33539649.0)	(39.0, 67062233.0)	(40.0, 2906765.0)
GE-AL_S4_L005_R1_001	(15.0, 1.0)	(16.0, 59.0)	(17.0, 2167.0)	(18.0, 23919.0)	(19.0, 99349.0)	(20.0, 243709.0)	(21.0, 429809.0)	(22.0, 620498.0)	(23.0, 764721.0)	(24.0, 883824.0)	(25.0, 952501.0)	(26.0, 1074821.0)	(27.0, 1241246.0)	(28.0, 1488810.0)	(29.0, 1766958.0)	(30.0, 2191460.0)	(31.0, 2720048.0)	(32.0, 3691727.0)	(33.0, 5208797.0)	(34.0, 7347974.0)	(35.0, 10469278.0)	(36.0, 18010231.0)	(37.0, 32573524.0)	(38.0, 78805699.0)	(39.0, 331892425.0)	(40.0, 69519377.0)		
GE-AL_S4_L005_R2_001	(14.0, 158.0)	(15.0, 4029.0)	(16.0, 52887.0)	(17.0, 265752.0)	(18.0, 590299.0)	(19.0, 863693.0)	(20.0, 1177521.0)	(21.0, 1315336.0)	(22.0, 1281407.0)	(23.0, 1507882.0)	(24.0, 2584350.0)	(25.0, 3448093.0)	(26.0, 2940524.0)	(27.0, 2199123.0)	(28.0, 2129353.0)	(29.0, 2315800.0)	(30.0, 2686975.0)	(31.0, 3133034.0)	(32.0, 3992993.0)	(33.0, 5196226.0)	(34.0, 7201052.0)	(35.0, 10617915.0)	(36.0, 18502522.0)	(37.0, 33966211.0)	(38.0, 80309014.0)	(39.0, 314767907.0)	(40.0, 68972876.0)	
GE-AL_S4_L007_R1_001	(15.0, 5.0)	(16.0, 112.0)	(17.0, 2319.0)	(18.0, 18183.0)	(19.0, 60093.0)	(20.0, 120208.0)	(21.0, 161995.0)	(22.0, 187512.0)	(23.0, 210746.0)	(24.0, 238476.0)	(25.0, 255947.0)	(26.0, 279331.0)	(27.0, 308778.0)	(28.0, 369049.0)	(29.0, 435819.0)	(30.0, 530105.0)	(31.0, 624996.0)	(32.0, 796455.0)	(33.0, 1053207.0)	(34.0, 1462781.0)	(35.0, 2004198.0)	(36.0, 3180205.0)	(37.0, 5870206.0)	(38.0, 15491833.0)	(39.0, 38224096.0)	(40.0, 1255937.0)		
GE-AL_S4_L007_R2_001	(13.0, 1.0)	(14.0, 59.0)	(15.0, 1279.0)	(16.0, 11048.0)	(17.0, 44062.0)	(18.0, 97074.0)	(19.0, 142467.0)	(20.0, 178978.0)	(21.0, 180241.0)	(22.0, 178618.0)	(23.0, 243417.0)	(24.0, 409967.0)	(25.0, 429407.0)	(26.0, 341941.0)	(27.0, 267343.0)	(28.0, 280686.0)	(29.0, 322546.0)	(30.0, 387000.0)	(31.0, 453789.0)	(32.0, 574182.0)	(33.0, 750138.0)	(34.0, 1073636.0)	(35.0, 1712129.0)	(36.0, 3256239.0)	(37.0, 6070815.0)	(38.0, 16117576.0)	(39.0, 37978466.0)	(40.0, 1639488.0)
GE-AT_S3_L005_R1_001	(16.0, 133.0)	(17.0, 3933.0)	(18.0, 41377.0)	(19.0, 158154.0)	(20.0, 367640.0)	(21.0, 632368.0)	(22.0, 898384.0)	(23.0, 1076005.0)	(24.0, 1212350.0)	(25.0, 1299596.0)	(26.0, 1464105.0)	(27.0, 1687416.0)	(28.0, 2042514.0)	(29.0, 2443685.0)	(30.0, 3059372.0)	(31.0, 3881824.0)	(32.0, 5510737.0)	(33.0, 7449711.0)	(34.0, 9819215.0)	(35.0, 13982836.0)	(36.0, 23769839.0)	(37.0, 42517490.0)	(38.0, 101590657.0)	(39.0, 407741878.0)	(40.0, 78329660.0)			
GE-AT_S3_L005_R2_001	(13.0, 3.0)	(14.0, 235.0)	(15.0, 6122.0)	(16.0, 77009.0)	(17.0, 378799.0)	(18.0, 862154.0)	(19.0, 1276533.0)	(20.0, 1724249.0)	(21.0, 1902433.0)	(22.0, 1862327.0)	(23.0, 2202728.0)	(24.0, 3885935.0)	(25.0, 5363426.0)	(26.0, 4616977.0)	(27.0, 3347831.0)	(28.0, 3059982.0)	(29.0, 3252958.0)	(30.0, 3752383.0)	(31.0, 4375557.0)	(32.0, 5550026.0)	(33.0, 7180878.0)	(34.0, 9890563.0)	(35.0, 14455553.0)	(36.0, 24867923.0)	(37.0, 44922953.0)	(38.0, 103564287.0)	(39.0, 380971281.0)	(40.0, 77629774.0)
GE-AT_S3_L007_R1_001	(15.0, 1.0)	(16.0, 68.0)	(17.0, 989.0)	(18.0, 8635.0)	(19.0, 30686.0)	(20.0, 63486.0)	(21.0, 88113.0)	(22.0, 103950.0)	(23.0, 116869.0)	(24.0, 132946.0)	(25.0, 142819.0)	(26.0, 155494.0)	(27.0, 172822.0)	(28.0, 208239.0)	(29.0, 247641.0)	(30.0, 306117.0)	(31.0, 373876.0)	(32.0, 479320.0)	(33.0, 616322.0)	(34.0, 848973.0)	(35.0, 1168187.0)	(36.0, 1845418.0)	(37.0, 3431321.0)	(38.0, 9107752.0)	(39.0, 21849563.0)	(40.0, 695878.0)		
GE-AT_S3_L007_R2_001	(14.0, 20.0)	(15.0, 718.0)	(16.0, 6222.0)	(17.0, 25040.0)	(18.0, 56607.0)	(19.0, 85437.0)	(20.0, 108245.0)	(21.0, 109970.0)	(22.0, 109993.0)	(23.0, 152044.0)	(24.0, 281070.0)	(25.0, 301253.0)	(26.0, 236657.0)	(27.0, 171507.0)	(28.0, 174951.0)	(29.0, 203359.0)	(30.0, 246214.0)	(31.0, 289023.0)	(32.0, 358209.0)	(33.0, 456419.0)	(34.0, 648924.0)	(35.0, 1031436.0)	(36.0, 1937176.0)	(37.0, 3589790.0)	(38.0, 9379131.0)	(39.0, 21361236.0)	(40.0, 874834.0)	
GE-YL_S2_L007_R1_001	(15.0, 4.0)	(16.0, 79.0)	(17.0, 1375.0)	(18.0, 10924.0)	(19.0, 37308.0)	(20.0, 76968.0)	(21.0, 102149.0)	(22.0, 115217.0)	(23.0, 126576.0)	(24.0, 143398.0)	(25.0, 154563.0)	(26.0, 169307.0)	(27.0, 187810.0)	(28.0, 224769.0)	(29.0, 263659.0)	(30.0, 320415.0)	(31.0, 383865.0)	(32.0, 490830.0)	(33.0, 648998.0)	(34.0, 907797.0)	(35.0, 1257069.0)	(36.0, 2008850.0)	(37.0, 3733152.0)	(38.0, 9973462.0)	(39.0, 23697710.0)	(40.0, 720159.0)		
GE-YL_S2_L007_R2_001	(14.0, 24.0)	(15.0, 706.0)	(16.0, 6499.0)	(17.0, 27414.0)	(18.0, 61603.0)	(19.0, 93470.0)	(20.0, 118901.0)	(21.0, 120024.0)	(22.0, 116132.0)	(23.0, 151213.0)	(24.0, 258096.0)	(25.0, 275737.0)	(26.0, 214655.0)	(27.0, 164364.0)	(28.0, 171730.0)	(29.0, 197872.0)	(30.0, 235995.0)	(31.0, 278489.0)	(32.0, 357806.0)	(33.0, 471787.0)	(34.0, 678752.0)	(35.0, 1091176.0)	(36.0, 2085920.0)	(37.0, 3895497.0)	(38.0, 10393216.0)	(39.0, 23395694.0)	(40.0, 893641.0)	
GE-YT_S1_L007_R1_001	(16.0, 45.0)	(17.0, 886.0)	(18.0, 7683.0)	(19.0, 27201.0)	(20.0, 56871.0)	(21.0, 77259.0)	(22.0, 88253.0)	(23.0, 96172.0)	(24.0, 110462.0)	(25.0, 119319.0)	(26.0, 130545.0)	(27.0, 144852.0)	(28.0, 171738.0)	(29.0, 201574.0)	(30.0, 244092.0)	(31.0, 294894.0)	(32.0, 387169.0)	(33.0, 506348.0)	(34.0, 698274.0)	(35.0, 970168.0)	(36.0, 1534925.0)	(37.0, 2842321.0)	(38.0, 7512292.0)	(39.0, 18221464.0)	(40.0, 609031.0)			
GE-YT_S1_L007_R2_001	(14.0, 13.0)	(15.0, 493.0)	(16.0, 4836.0)	(17.0, 21368.0)	(18.0, 49690.0)	(19.0, 77684.0)	(20.0, 99129.0)	(21.0, 99668.0)	(22.0, 98286.0)	(23.0, 130361.0)	(24.0, 241823.0)	(25.0, 269562.0)	(26.0, 204249.0)	(27.0, 146020.0)	(28.0, 147255.0)	(29.0, 169120.0)	(30.0, 201183.0)	(31.0, 234914.0)	(32.0, 296725.0)	(33.0, 385813.0)	(34.0, 550947.0)	(35.0, 877757.0)	(36.0, 1649311.0)	(37.0, 3019079.0)	(38.0, 7856930.0)	(39.0, 17536964.0)	(40.0, 684658.0)	
TCR-AL_S4_L001_R1_001	(16.0, 3.0)	(17.0, 40.0)	(18.0, 389.0)	(19.0, 1729.0)	(20.0, 5044.0)	(21.0, 8206.0)	(22.0, 9223.0)	(23.0, 10008.0)	(24.0, 11741.0)	(25.0, 13702.0)	(26.0, 16187.0)	(27.0, 19591.0)	(28.0, 24477.0)	(29.0, 31919.0)	(30.0, 43114.0)	(31.0, 61536.0)	(32.0, 115432.0)	(33.0, 230290.0)	(34.0, 285372.0)	(35.0, 355426.0)	(36.0, 534174.0)	(37.0, 905615.0)	(38.0, 2017780.0)	(39.0, 10554049.0)	(40.0, 2946521.0)			
TCR-AL_S4_L001_R2_001	(13.0, 2.0)	(14.0, 5.0)	(15.0, 36.0)	(16.0, 635.0)	(17.0, 3511.0)	(18.0, 6945.0)	(19.0, 7859.0)	(20.0, 9785.0)	(21.0, 10444.0)	(22.0, 10039.0)	(23.0, 9683.0)	(24.0, 10845.0)	(25.0, 12394.0)	(26.0, 14121.0)	(27.0, 16514.0)	(28.0, 21263.0)	(29.0, 27024.0)	(30.0, 35826.0)	(31.0, 47732.0)	(32.0, 68993.0)	(33.0, 102041.0)	(34.0, 156690.0)	(35.0, 246532.0)	(36.0, 463143.0)	(37.0, 941641.0)	(38.0, 2401182.0)	(39.0, 11103612.0)	(40.0, 2473071.0)
TCR-AL_S4_L002_R1_001	(16.0, 2.0)	(17.0, 36.0)	(18.0, 426.0)	(19.0, 1705.0)	(20.0, 5119.0)	(21.0, 8779.0)	(22.0, 10256.0)	(23.0, 11120.0)	(24.0, 13022.0)	(25.0, 15275.0)	(26.0, 17860.0)	(27.0, 20922.0)	(28.0, 27373.0)	(29.0, 35244.0)	(30.0, 47848.0)	(31.0, 68015.0)	(32.0, 123237.0)	(33.0, 235636.0)	(34.0, 299458.0)	(35.0, 378258.0)	(36.0, 579736.0)	(37.0, 983587.0)	(38.0, 2232726.0)	(39.0, 10361554.0)	(40.0, 2377842.0)			
TCR-AL_S4_L002_R2_001	(13.0, 1.0)	(14.0, 8.0)	(15.0, 34.0)	(16.0, 662.0)	(17.0, 3607.0)	(18.0, 7123.0)	(19.0, 8445.0)	(20.0, 10772.0)	(21.0, 11760.0)	(22.0, 11250.0)	(23.0, 11171.0)	(24.0, 12504.0)	(25.0, 14332.0)	(26.0, 16822.0)	(27.0, 19496.0)	(28.0, 25260.0)	(29.0, 32140.0)	(30.0, 42946.0)	(31.0, 57513.0)	(32.0, 83000.0)	(33.0, 120882.0)	(34.0, 184018.0)	(35.0, 284844.0)	(36.0, 527257.0)	(37.0, 1052119.0)	(38.0, 2636972.0)	(39.0, 10615077.0)	(40.0, 2065021.0)
TCR-AL_S4_L003_R1_001	(16.0, 1.0)	(17.0, 44.0)	(18.0, 375.0)	(19.0, 1702.0)	(20.0, 5016.0)	(21.0, 8713.0)	(22.0, 10016.0)	(23.0, 10966.0)	(24.0, 12795.0)	(25.0, 15035.0)	(26.0, 17724.0)	(27.0, 21158.0)	(28.0, 27320.0)	(29.0, 35634.0)	(30.0, 47753.0)	(31.0, 68679.0)	(32.0, 125099.0)	(33.0, 234678.0)	(34.0, 295605.0)	(35.0, 381321.0)	(36.0, 584485.0)	(37.0, 993681.0)	(38.0, 2273931.0)	(39.0, 9991243.0)	(40.0, 2225737.0)			
TCR-AL_S4_L003_R2_001	(13.0, 2.0)	(14.0, 4.0)	(15.0, 45.0)	(16.0, 720.0)	(17.0, 3636.0)	(18.0, 6884.0)	(19.0, 8652.0)	(20.0, 11329.0)	(21.0, 12965.0)	(22.0, 12358.0)	(23.0, 12257.0)	(24.0, 13652.0)	(25.0, 15387.0)	(26.0, 18008.0)	(27.0, 21098.0)	(28.0, 26941.0)	(29.0, 34859.0)	(30.0, 46234.0)	(31.0, 61764.0)	(32.0, 89087.0)	(33.0, 129649.0)	(34.0, 197879.0)	(35.0, 306146.0)	(36.0, 562034.0)	(37.0, 1117715.0)	(38.0, 2776651.0)	(39.0, 10021821.0)	(40.0, 1880934.0)
TCR-AL_S4_L004_R1_001	(17.0, 29.0)	(18.0, 331.0)	(19.0, 1381.0)	(20.0, 4538.0)	(21.0, 8594.0)	(22.0, 10231.0)	(23.0, 11219.0)	(24.0, 13154.0)	(25.0, 16049.0)	(26.0, 19295.0)	(27.0, 22862.0)	(28.0, 29514.0)	(29.0, 38571.0)	(30.0, 51193.0)	(31.0, 70531.0)	(32.0, 120350.0)	(33.0, 218738.0)	(34.0, 294101.0)	(35.0, 370357.0)	(36.0, 564080.0)	(37.0, 944863.0)	(38.0, 2073630.0)	(39.0, 9118251.0)	(40.0, 1934728.0)				
TCR-AL_S4_L004_R2_001	(14.0, 5.0)	(15.0, 38.0)	(16.0, 656.0)	(17.0, 3355.0)	(18.0, 6507.0)	(19.0, 8088.0)	(20.0, 11227.0)	(21.0, 13592.0)	(22.0, 13303.0)	(23.0, 12770.0)	(24.0, 14496.0)	(25.0, 16757.0)	(26.0, 19535.0)	(27.0, 23079.0)	(28.0, 29657.0)	(29.0, 37123.0)	(30.0, 49047.0)	(31.0, 63758.0)	(32.0, 89927.0)	(33.0, 128386.0)	(34.0, 190178.0)	(35.0, 290389.0)	(36.0, 528820.0)	(37.0, 1034580.0)	(38.0, 2506632.0)	(39.0, 9309418.0)	(40.0, 1535267.0)	
TCR-AT_S3_L001_R1_001	(16.0, 3.0)	(17.0, 41.0)	(18.0, 442.0)	(19.0, 1784.0)	(20.0, 4939.0)	(21.0, 7853.0)	(22.0, 8648.0)	(23.0, 9206.0)	(24.0, 10638.0)	(25.0, 12277.0)	(26.0, 14300.0)	(27.0, 16405.0)	(28.0, 20761.0)	(29.0, 26181.0)	(30.0, 33500.0)	(31.0, 43361.0)	(32.0, 62315.0)	(33.0, 95939.0)	(34.0, 164238.0)	(35.0, 273810.0)	(36.0, 443437.0)	(37.0, 732518.0)	(38.0, 1636904.0)	(39.0, 9099398.0)	(40.0, 2896355.0)			
TCR-AT_S3_L001_R2_001	(14.0, 2.0)	(15.0, 29.0)	(16.0, 598.0)	(17.0, 3483.0)	(18.0, 6954.0)	(19.0, 8453.0)	(20.0, 10144.0)	(21.0, 10743.0)	(22.0, 10341.0)	(23.0, 9986.0)	(24.0, 11013.0)	(25.0, 12034.0)	(26.0, 13447.0)	(27.0, 15543.0)	(28.0, 18985.0)	(29.0, 23984.0)	(30.0, 31106.0)	(31.0, 39547.0)	(32.0, 55882.0)	(33.0, 79776.0)	(34.0, 118474.0)	(35.0, 182614.0)	(36.0, 342282.0)	(37.0, 686969.0)	(38.0, 1748098.0)	(39.0, 9355989.0)	(40.0, 2818777.0)	
TCR-AT_S3_L002_R1_001	(16.0, 1.0)	(17.0, 50.0)	(18.0, 443.0)	(19.0, 1747.0)	(20.0, 4846.0)	(21.0, 8021.0)	(22.0, 9247.0)	(23.0, 9822.0)	(24.0, 11594.0)	(25.0, 12880.0)	(26.0, 15096.0)	(27.0, 17767.0)	(28.0, 22462.0)	(29.0, 28144.0)	(30.0, 36386.0)	(31.0, 47275.0)	(32.0, 67298.0)	(33.0, 102023.0)	(34.0, 170449.0)	(35.0, 284526.0)	(36.0, 473008.0)	(37.0, 795758.0)	(38.0, 1797959.0)	(39.0, 8993104.0)	(40.0, 2361253.0)			
TCR-AT_S3_L002_R2_001	(14.0, 1.0)	(15.0, 29.0)	(16.0, 594.0)	(17.0, 3516.0)	(18.0, 7240.0)	(19.0, 8815.0)	(20.0, 10830.0)	(21.0, 11955.0)	(22.0, 11451.0)	(23.0, 10949.0)	(24.0, 12070.0)	(25.0, 13580.0)	(26.0, 15462.0)	(27.0, 17770.0)	(28.0, 21864.0)	(29.0, 27641.0)	(30.0, 35281.0)	(31.0, 46796.0)	(32.0, 65312.0)	(33.0, 92768.0)	(34.0, 136833.0)	(35.0, 209215.0)	(36.0, 387000.0)	(37.0, 765454.0)	(38.0, 1935410.0)	(39.0, 9059846.0)	(40.0, 2363477.0)	
TCR-AT_S3_L003_R1_001	(16.0, 1.0)	(17.0, 45.0)	(18.0, 387.0)	(19.0, 1734.0)	(20.0, 4884.0)	(21.0, 8011.0)	(22.0, 8835.0)	(23.0, 9498.0)	(24.0, 11275.0)	(25.0, 12759.0)	(26.0, 14961.0)	(27.0, 17746.0)	(28.0, 22094.0)	(29.0, 27795.0)	(30.0, 36313.0)	(31.0, 47159.0)	(32.0, 67319.0)	(33.0, 102639.0)	(34.0, 170372.0)	(35.0, 286421.0)	(36.0, 474625.0)	(37.0, 796462.0)	(38.0, 1813088.0)	(39.0, 8625189.0)	(40.0, 2221554.0)			
TCR-AT_S3_L003_R2_001	(14.0, 2.0)	(15.0, 40.0)	(16.0, 617.0)	(17.0, 3533.0)	(18.0, 7309.0)	(19.0, 8799.0)	(20.0, 11376.0)	(21.0, 12601.0)	(22.0, 11917.0)	(23.0, 11515.0)	(24.0, 12844.0)	(25.0, 14021.0)	(26.0, 16318.0)	(27.0, 18708.0)	(28.0, 23093.0)	(29.0, 29069.0)	(30.0, 37885.0)	(31.0, 49110.0)	(32.0, 68157.0)	(33.0, 97477.0)	(34.0, 144310.0)	(35.0, 222290.0)	(36.0, 408254.0)	(37.0, 800331.0)	(38.0, 2023409.0)	(39.0, 8576681.0)	(40.0, 2171500.0)	
TCR-AT_S3_L004_R1_001	(16.0, 1.0)	(17.0, 39.0)	(18.0, 318.0)	(19.0, 1387.0)	(20.0, 4050.0)	(21.0, 7299.0)	(22.0, 8466.0)	(23.0, 9362.0)	(24.0, 11134.0)	(25.0, 12868.0)	(26.0, 15286.0)	(27.0, 18264.0)	(28.0, 23214.0)	(29.0, 29771.0)	(30.0, 38355.0)	(31.0, 49697.0)	(32.0, 70034.0)	(33.0, 102868.0)	(34.0, 162919.0)	(35.0, 264062.0)	(36.0, 444727.0)	(37.0, 756183.0)	(38.0, 1637181.0)	(39.0, 7658698.0)	(40.0, 1846830.0)			
TCR-AT_S3_L004_R2_001	(15.0, 33.0)	(16.0, 583.0)	(17.0, 3235.0)	(18.0, 6746.0)	(19.0, 8278.0)	(20.0, 11320.0)	(21.0, 13100.0)	(22.0, 12581.0)	(23.0, 12197.0)	(24.0, 13405.0)	(25.0, 15201.0)	(26.0, 17530.0)	(27.0, 19812.0)	(28.0, 24924.0)	(29.0, 31278.0)	(30.0, 40000.0)	(31.0, 50842.0)	(32.0, 70091.0)	(33.0, 98090.0)	(34.0, 141431.0)	(35.0, 214885.0)	(36.0, 383805.0)	(37.0, 741070.0)	(38.0, 1778078.0)	(39.0, 7705100.0)	(40.0, 1759398.0)		
TCR-YL_S2_L001_R1_001	(17.0, 55.0)	(18.0, 388.0)	(19.0, 1951.0)	(20.0, 5710.0)	(21.0, 9143.0)	(22.0, 10455.0)	(23.0, 11608.0)	(24.0, 13491.0)	(25.0, 15921.0)	(26.0, 18639.0)	(27.0, 21568.0)	(28.0, 27546.0)	(29.0, 35341.0)	(30.0, 46447.0)	(31.0, 62716.0)	(32.0, 101499.0)	(33.0, 198140.0)	(34.0, 334820.0)	(35.0, 419173.0)	(36.0, 609772.0)	(37.0, 1043831.0)	(38.0, 2415880.0)	(39.0, 15230477.0)	(40.0, 5064087.0)				
TCR-YL_S2_L001_R2_001	(14.0, 3.0)	(15.0, 52.0)	(16.0, 797.0)	(17.0, 4784.0)	(18.0, 9499.0)	(19.0, 10348.0)	(20.0, 12004.0)	(21.0, 12272.0)	(22.0, 11586.0)	(23.0, 11288.0)	(24.0, 12299.0)	(25.0, 13740.0)	(26.0, 15734.0)	(27.0, 18138.0)	(28.0, 23116.0)	(29.0, 29160.0)	(30.0, 38206.0)	(31.0, 49559.0)	(32.0, 71064.0)	(33.0, 103707.0)	(34.0, 159041.0)	(35.0, 251252.0)	(36.0, 484213.0)	(37.0, 1008757.0)	(38.0, 2690615.0)	(39.0, 15507220.0)	(40.0, 5150204.0)	
TCR-YL_S2_L002_R1_001	(17.0, 42.0)	(18.0, 395.0)	(19.0, 1880.0)	(20.0, 5616.0)	(21.0, 9545.0)	(22.0, 11256.0)	(23.0, 12038.0)	(24.0, 14422.0)	(25.0, 16962.0)	(26.0, 19746.0)	(27.0, 23548.0)	(28.0, 29653.0)	(29.0, 38046.0)	(30.0, 50410.0)	(31.0, 68393.0)	(32.0, 108494.0)	(33.0, 199631.0)	(34.0, 344334.0)	(35.0, 446580.0)	(36.0, 664226.0)	(37.0, 1146785.0)	(38.0, 2713996.0)	(39.0, 15172549.0)	(40.0, 4115556.0)				
TCR-YL_S2_L002_R2_001	(14.0, 5.0)	(15.0, 58.0)	(16.0, 819.0)	(17.0, 4898.0)	(18.0, 9746.0)	(19.0, 10983.0)	(20.0, 12811.0)	(21.0, 13825.0)	(22.0, 12994.0)	(23.0, 12699.0)	(24.0, 14125.0)	(25.0, 15955.0)	(26.0, 18544.0)	(27.0, 21528.0)	(28.0, 27521.0)	(29.0, 34671.0)	(30.0, 44985.0)	(31.0, 59311.0)	(32.0, 84723.0)	(33.0, 123682.0)	(34.0, 188224.0)	(35.0, 295277.0)	(36.0, 559136.0)	(37.0, 1151980.0)	(38.0, 3038371.0)	(39.0, 15156981.0)	(40.0, 4300251.0)	
TCR-YL_S2_L003_R1_001	(17.0, 33.0)	(18.0, 401.0)	(19.0, 1720.0)	(20.0, 5398.0)	(21.0, 9508.0)	(22.0, 10832.0)	(23.0, 11990.0)	(24.0, 14043.0)	(25.0, 16194.0)	(26.0, 19896.0)	(27.0, 23019.0)	(28.0, 29545.0)	(29.0, 38192.0)	(30.0, 50477.0)	(31.0, 68415.0)	(32.0, 109959.0)	(33.0, 202950.0)	(34.0, 344166.0)	(35.0, 446836.0)	(36.0, 672271.0)	(37.0, 1166506.0)	(38.0, 2791651.0)	(39.0, 14666197.0)	(40.0, 3889462.0)				
TCR-YL_S2_L003_R2_001	(14.0, 2.0)	(15.0, 38.0)	(16.0, 840.0)	(17.0, 4969.0)	(18.0, 9659.0)	(19.0, 11083.0)	(20.0, 13430.0)	(21.0, 14712.0)	(22.0, 14006.0)	(23.0, 13546.0)	(24.0, 14922.0)	(25.0, 16727.0)	(26.0, 19566.0)	(27.0, 22874.0)	(28.0, 29483.0)	(29.0, 37010.0)	(30.0, 48722.0)	(31.0, 64182.0)	(32.0, 91895.0)	(33.0, 133367.0)	(34.0, 203145.0)	(35.0, 320171.0)	(36.0, 604302.0)	(37.0, 1236858.0)	(38.0, 3261823.0)	(39.0, 14471181.0)	(40.0, 3931148.0)	
TCR-YL_S2_L004_R1_001	(17.0, 32.0)	(18.0, 293.0)	(19.0, 1331.0)	(20.0, 4364.0)	(21.0, 8389.0)	(22.0, 10203.0)	(23.0, 11549.0)	(24.0, 13989.0)	(25.0, 16495.0)	(26.0, 20031.0)	(27.0, 23809.0)	(28.0, 30777.0)	(29.0, 40094.0)	(30.0, 53224.0)	(31.0, 71653.0)	(32.0, 109501.0)	(33.0, 185039.0)	(34.0, 317841.0)	(35.0, 443255.0)	(36.0, 658331.0)	(37.0, 1112692.0)	(38.0, 2523387.0)	(39.0, 13428822.0)	(40.0, 3387772.0)				
TCR-YL_S2_L004_R2_001	(14.0, 4.0)	(15.0, 37.0)	(16.0, 804.0)	(17.0, 4574.0)	(18.0, 8932.0)	(19.0, 10245.0)	(20.0, 13060.0)	(21.0, 14981.0)	(22.0, 14893.0)	(23.0, 14513.0)	(24.0, 16120.0)	(25.0, 18196.0)	(26.0, 21302.0)	(27.0, 25086.0)	(28.0, 31810.0)	(29.0, 40467.0)	(30.0, 52152.0)	(31.0, 67918.0)	(32.0, 95270.0)	(33.0, 135551.0)	(34.0, 200991.0)	(35.0, 312878.0)	(36.0, 579226.0)	(37.0, 1156976.0)	(38.0, 2917035.0)	(39.0, 13422296.0)	(40.0, 3297556.0)	
TCR-YT_S1_L001_R1_001	(16.0, 3.0)	(17.0, 78.0)	(18.0, 608.0)	(19.0, 2329.0)	(20.0, 6341.0)	(21.0, 10045.0)	(22.0, 11164.0)	(23.0, 11634.0)	(24.0, 13448.0)	(25.0, 15514.0)	(26.0, 18115.0)	(27.0, 20787.0)	(28.0, 26224.0)	(29.0, 32805.0)	(30.0, 42827.0)	(31.0, 58294.0)	(32.0, 102051.0)	(33.0, 185697.0)	(34.0, 230888.0)	(35.0, 299338.0)	(36.0, 470574.0)	(37.0, 814196.0)	(38.0, 1840482.0)	(39.0, 10486916.0)	(40.0, 3241104.0)			
TCR-YT_S1_L001_R2_001	(14.0, 3.0)	(15.0, 38.0)	(16.0, 799.0)	(17.0, 4583.0)	(18.0, 9405.0)	(19.0, 11134.0)	(20.0, 13069.0)	(21.0, 13630.0)	(22.0, 12927.0)	(23.0, 12178.0)	(24.0, 13312.0)	(25.0, 14760.0)	(26.0, 16285.0)	(27.0, 18464.0)	(28.0, 22672.0)	(29.0, 27920.0)	(30.0, 35827.0)	(31.0, 45173.0)	(32.0, 63102.0)	(33.0, 88888.0)	(34.0, 132347.0)	(35.0, 204890.0)	(36.0, 386106.0)	(37.0, 779846.0)	(38.0, 2007491.0)	(39.0, 10787199.0)	(40.0, 3219414.0)	
TCR-YT_S1_L002_R1_001	(16.0, 1.0)	(17.0, 67.0)	(18.0, 592.0)	(19.0, 2358.0)	(20.0, 6401.0)	(21.0, 10671.0)	(22.0, 11793.0)	(23.0, 12786.0)	(24.0, 14802.0)	(25.0, 16654.0)	(26.0, 19942.0)	(27.0, 23060.0)	(28.0, 29047.0)	(29.0, 36547.0)	(30.0, 47906.0)	(31.0, 65204.0)	(32.0, 111597.0)	(33.0, 195016.0)	(34.0, 246655.0)	(35.0, 325126.0)	(36.0, 519627.0)	(37.0, 897644.0)	(38.0, 2058644.0)	(39.0, 10463974.0)	(40.0, 2652166.0)			
TCR-YT_S1_L002_R2_001	(13.0, 2.0)	(14.0, 3.0)	(15.0, 59.0)	(16.0, 831.0)	(17.0, 4808.0)	(18.0, 9883.0)	(19.0, 11693.0)	(20.0, 14580.0)	(21.0, 15710.0)	(22.0, 14834.0)	(23.0, 13927.0)	(24.0, 15453.0)	(25.0, 17063.0)	(26.0, 19397.0)	(27.0, 22420.0)	(28.0, 27272.0)	(29.0, 33757.0)	(30.0, 42774.0)	(31.0, 55030.0)	(32.0, 75725.0)	(33.0, 107214.0)	(34.0, 157882.0)	(35.0, 241937.0)	(36.0, 446825.0)	(37.0, 889725.0)	(38.0, 2265298.0)	(39.0, 10549570.0)	(40.0, 2714608.0)
TCR-YT_S1_L003_R1_001	(16.0, 2.0)	(17.0, 63.0)	(18.0, 550.0)	(19.0, 2301.0)	(20.0, 6305.0)	(21.0, 10439.0)	(22.0, 11880.0)	(23.0, 12628.0)	(24.0, 14712.0)	(25.0, 17093.0)	(26.0, 19822.0)	(27.0, 23171.0)	(28.0, 28982.0)	(29.0, 36502.0)	(30.0, 48051.0)	(31.0, 65462.0)	(32.0, 112230.0)	(33.0, 193615.0)	(34.0, 243374.0)	(35.0, 323174.0)	(36.0, 520651.0)	(37.0, 900790.0)	(38.0, 2088642.0)	(39.0, 10037248.0)	(40.0, 2490094.0)			
TCR-YT_S1_L003_R2_001	(14.0, 7.0)	(15.0, 49.0)	(16.0, 844.0)	(17.0, 4760.0)	(18.0, 9781.0)	(19.0, 12149.0)	(20.0, 15650.0)	(21.0, 16829.0)	(22.0, 15537.0)	(23.0, 14809.0)	(24.0, 16253.0)	(25.0, 17861.0)	(26.0, 20374.0)	(27.0, 23151.0)	(28.0, 28052.0)	(29.0, 35474.0)	(30.0, 45151.0)	(31.0, 58226.0)	(32.0, 80825.0)	(33.0, 113245.0)	(34.0, 166137.0)	(35.0, 258299.0)	(36.0, 473028.0)	(37.0, 934126.0)	(38.0, 2385358.0)	(39.0, 9977236.0)	(40.0, 2484570.0)	
TCR-YT_S1_L004_R1_001	(16.0, 2.0)	(17.0, 49.0)	(18.0, 447.0)	(19.0, 1891.0)	(20.0, 5659.0)	(21.0, 10353.0)	(22.0, 12261.0)	(23.0, 12981.0)	(24.0, 15234.0)	(25.0, 17832.0)	(26.0, 21345.0)	(27.0, 24828.0)	(28.0, 31743.0)	(29.0, 39702.0)	(30.0, 51940.0)	(31.0, 69031.0)	(32.0, 111835.0)	(33.0, 188956.0)	(34.0, 247574.0)	(35.0, 322984.0)	(36.0, 512194.0)	(37.0, 865172.0)	(38.0, 1910075.0)	(39.0, 9264055.0)	(40.0, 2185445.0)			
TCR-YT_S1_L004_R2_001	(13.0, 1.0)	(14.0, 5.0)	(15.0, 47.0)	(16.0, 860.0)	(17.0, 4501.0)	(18.0, 9256.0)	(19.0, 11615.0)	(20.0, 15804.0)	(21.0, 18158.0)	(22.0, 16986.0)	(23.0, 16147.0)	(24.0, 18023.0)	(25.0, 19647.0)	(26.0, 22633.0)	(27.0, 25540.0)	(28.0, 31347.0)	(29.0, 38920.0)	(30.0, 49145.0)	(31.0, 61651.0)	(32.0, 84711.0)	(33.0, 116624.0)	(34.0, 168992.0)	(35.0, 254178.0)	(36.0, 456880.0)	(37.0, 884604.0)	(38.0, 2161273.0)	(39.0, 9359173.0)	(40.0, 2076867.0)
